8.2150078517587814e-03	1.1712893225977597e+04
1.6430015703517563e-02	1.1626083189300163e+04
2.4645023555276344e-02	1.1271030048351424e+04
3.2860031407035126e-02	1.0456186146750761e+04
4.1075039258793911e-02	9.1924179956154803e+03
4.9290047110552689e-02	7.7331936687905627e+03
5.7505054962311467e-02	6.3537828034380091e+03
6.5720062814070251e-02	5.1905650704066693e+03
7.3935070665829036e-02	4.2612358813641458e+03
8.2150078517587821e-02	3.5328577210597136e+03
9.0365086369346592e-02	2.9627052258606982e+03
9.8580094221105377e-02	2.5132151535982580e+03
1.0679510207286416e-01	2.1550584624237422e+03
1.1501010992462293e-01	1.8663010328589789e+03
1.2322511777638172e-01	1.6307501520913675e+03
1.3144012562814050e-01	1.4364439500592241e+03
1.3965513347989927e-01	1.2744838212686043e+03
1.4787014133165807e-01	1.1381840793132747e+03
1.5608514918341687e-01	1.0224658302453400e+03
1.6430015703517564e-01	9.2342699123213617e+02
1.7251516488693441e-01	8.3803625335430365e+02
1.8073017273869318e-01	7.6391364873646000e+02
1.8894518059045196e-01	6.9917173363554411e+02
1.9716018844221075e-01	6.4229946019163208e+02
2.0537519629396955e-01	5.9207636705804919e+02
2.1359020414572832e-01	5.4750851088554862e+02
2.2180521199748710e-01	5.0778014487317961e+02
2.3002021984924587e-01	4.7221691857939146e+02
2.3823522770100464e-01	4.4025759137436512e+02
2.4645023555276344e-01	4.1143209775356002e+02
2.5466524340452223e-01	3.8534439583366452e+02
2.6288025125628101e-01	3.6165894974618817e+02
2.7002808566268804e-01	3.4278128875608724e+02
2.7717592006909508e-01	3.2534274162161796e+02
2.8432375447550212e-01	3.0920081335677440e+02
2.9147158888190916e-01	2.9423019372957907e+02
3.0576725769472324e-01	2.6737340862282792e+02
3.2006292650753726e-01	2.4403066978134288e+02
3.3435859532035128e-01	2.2361494047454840e+02
3.4865426413316536e-01	2.0565674858879012e+02
3.6294993294597944e-01	1.8977704871454841e+02
3.7724560175879351e-01	1.7566711393750623e+02
4.0583693938442167e-01	1.5178636859048029e+02
4.3442827701004977e-01	1.3246146549939925e+02
4.6301961463567787e-01	1.1660312750058661e+02
4.9161095226130602e-01	1.0342911079872859e+02
5.5591885113065276e-01	8.0869957366570318e+01
6.2022674999999949e-01	6.4952541042907015e+01
6.8453464886934623e-01	5.3302736368602730e+01
7.4884254773869297e-01	4.4519497817538394e+01
8.7831089447236144e-01	3.2315802137716950e+01
1.0077792412060300e+00	2.4491696406208277e+01
1.2654852537688399e+00	1.5413030777947560e+01
1.5044117160804000e+00	1.0769529476833064e+01
1.7518062286432099e+00	7.7816004482841725e+00
2.0076619874371802e+00	5.7443452094065330e+00
2.2626972135678400e+00	4.3368178242729432e+00
2.5250322914572800e+00	3.2959646639364801e+00
2.7560971708542699e+00	2.6105776063733215e+00
3.0162214974874400e+00	2.0230729528384792e+00
3.2774139195979899e+00	1.5773732350745626e+00
3.5291212160804002e+00	1.2494169203316985e+00
3.7576955552763800e+00	1.0171323342806964e+00
4.0294925527638199e+00	8.0265075679227327e-01
4.2597402613065301e+00	6.6124338045396269e-01
4.5275730829145697e+00	5.3202515703945652e-01
4.7646505125628096e+00	4.4203641064211752e-01
5.0247620276381904e+00	3.6347071627214966e-01
5.2724497010050202e+00	3.0385264375619814e-01
5.5308858040200999e+00	2.5386612188990365e-01
5.7682108216080401e+00	2.1657682995122654e-01
6.0241979145728601e+00	1.8362864989080696e-01
6.2900965603015004e+00	1.5572333023236587e-01
6.5215621130653201e+00	1.3560643462271385e-01
6.7715512512562803e+00	1.1738521516766477e-01
7.0298144924623100e+00	1.0166008204086484e-01
7.2824746884422096e+00	8.8746448060001260e-02
7.5269364195979804e+00	7.8150835064215177e-02
7.7983694924623101e+00	6.8178387777773519e-02
8.0422641809045192e+00	6.0545557054105158e-02
8.3026738190954692e+00	5.3542995708116277e-02
8.5386436557788894e+00	4.8055444034695492e-02
8.7966210150753703e+00	4.2839893309699090e-02
9.0393576055276306e+00	3.8565974446375988e-02
9.2930872839195899e+00	3.4655161551392005e-02
9.5411544221105498e+00	3.1301118075572024e-02
9.8008577261306495e+00	2.8214537731366125e-02
1.0050982874371901e+01	2.5594343269521029e-02
1.0306771964824099e+01	2.3222593828027192e-02
1.0560442992462299e+01	2.1136240359919498e-02
1.0793540321608001e+01	1.9422157775201739e-02
1.1060696165829100e+01	1.7666085522792377e-02
1.1299643537688400e+01	1.6260785217414666e-02
1.1554411273869301e+01	1.4913062382852154e-02
1.1798256505025099e+01	1.3751524534594953e-02
1.2069015296482400e+01	1.2591235994915597e-02
1.2303472515075400e+01	1.1683894919034319e-02
1.2569583555276401e+01	1.0750867636440221e-02
1.2812114879397001e+01	9.9803289037682010e-03
1.3077406032663299e+01	9.2148814570122434e-03
1.3306307432160800e+01	8.6125951192377679e-03
1.3566999407035199e+01	7.9853610720898357e-03
1.3818814984924600e+01	7.4327925214997129e-03
1.4070466057788900e+01	6.9275193353401637e-03
1.4321191351758801e+01	6.4660922280772460e-03
1.4562059866834201e+01	6.0584396813319133e-03
1.4822445110552801e+01	5.6532395773494859e-03
1.5070611128140699e+01	5.2981119752451055e-03
1.5331794175879400e+01	4.9539602749241419e-03
1.5568227728643199e+01	4.6662052226147058e-03
1.5829531065326600e+01	4.3720668555129018e-03
1.6079814128140701e+01	4.1117559025183265e-03
1.6329487994974901e+01	3.8710999334908049e-03
1.6590273316582898e+01	3.6382384564878894e-03
1.6830466118090399e+01	3.4390615428017027e-03
1.7076456402009999e+01	3.2490050451835658e-03
1.7348058904522599e+01	3.0541603159389571e-03
1.7593972723618101e+01	2.8901928619123381e-03
1.7845465665829099e+01	2.7337289505375627e-03
1.8101227510050201e+01	2.5853184696042826e-03
1.8336322414572901e+01	2.4576841057690093e-03
1.8586925969849201e+01	2.3301834800790061e-03
1.8835621914572901e+01	2.2117243614402809e-03
1.9101649271356798e+01	2.0932236436219049e-03
1.9336406889447201e+01	1.9951770865447097e-03
1.9607268447236201e+01	1.8890767346514219e-03
1.9851700120602999e+01	1.7993194333602645e-03
2.0093552484924601e+01	1.7156957620686308e-03
2.0353621472361802e+01	1.6311224995262628e-03
2.0614742492462302e+01	1.5513855550503030e-03
2.0852323957286401e+01	1.4830281126256991e-03
2.1104624919597999e+01	1.4145071393345204e-03
2.1350846000000001e+01	1.3514113194496530e-03
2.1617752248743699e+01	1.2869374040125076e-03
2.1848700361809001e+01	1.2342256043843826e-03
2.2113952665829100e+01	1.1769702779919930e-03
2.2363303776381901e+01	1.1261441367354504e-03
2.2610246427135699e+01	1.0784845158159483e-03
2.2857385522613001e+01	1.0332847353570051e-03
2.3109451756281398e+01	9.8959669326019006e-04
2.3376637741206000e+01	9.4577938949735852e-04
2.3621621125628099e+01	9.0771496305228625e-04
2.3863451183417101e+01	8.7200036613733220e-04
2.4121963535175901e+01	8.3574294537636204e-04
2.4379913128140700e+01	8.0142348666144899e-04
2.4611438206030101e+01	7.7210777122558194e-04
2.4885696356783900e+01	7.3909406570520845e-04
2.5115182859296500e+01	7.1281597419699824e-04
2.5383593100502502e+01	6.8354511640251916e-04
2.5639764673366798e+01	6.5699720562955937e-04
2.5868495374371800e+01	6.3437398632326788e-04
2.6125726969849200e+01	6.1008272821118229e-04
2.6384663663316601e+01	5.8679342321831072e-04
2.6642369675879401e+01	5.6470785028052970e-04
2.6881296138190901e+01	5.4515252863776347e-04
2.7128690650753700e+01	5.2578792402376939e-04
2.7384546409547699e+01	5.0665693743692363e-04
2.7639581635678400e+01	4.8844545900648647e-04
2.7901916713567800e+01	4.7055837696194727e-04
2.8132981592964800e+01	4.5547693265636578e-04
2.8393105919598000e+01	4.3921455917774697e-04
2.8654298341708500e+01	4.2360914883673030e-04
2.8906005638190901e+01	4.0922085919481774e-04
2.9134579977386899e+01	3.9668052024746620e-04
2.9406376974874401e+01	3.8238749634481842e-04
2.9636624683417100e+01	3.7077995550519152e-04
2.9904457505025100e+01	3.5782623853175690e-04
3.0141534934673299e+01	3.4682883155807959e-04
3.0401646449748700e+01	3.3524455951789090e-04
3.0649334123115601e+01	3.2465976785867013e-04
3.0907770226130602e+01	3.1405718235211498e-04
3.1145095243718600e+01	3.0469933602531702e-04
3.1401082336683402e+01	2.9499301479349847e-04
3.1666980982411999e+01	2.8531661928456149e-04
3.1898446535175900e+01	2.7721435094431860e-04
3.2148435673366798e+01	2.6878408321138640e-04
3.2406698914572800e+01	2.6040862625349096e-04
3.2659359110552700e+01	2.5252822504525697e-04
3.2903820841708502e+01	2.4518527452893201e-04
3.3175253914572799e+01	2.3734211097892115e-04
3.3419148603015103e+01	2.3056048524182875e-04
3.3679558241206003e+01	2.2358486831132373e-04
3.3915528077889398e+01	2.1749036174143006e-04
3.4173505437185902e+01	2.1106315453826071e-04
3.4416242027638198e+01	2.0523104074330418e-04
3.4669971706030097e+01	1.9934851968575422e-04
3.4918038844221101e+01	1.9379965123719262e-04
3.5177742148241201e+01	1.8819579605795067e-04
3.5427867296482397e+01	1.8298882270357207e-04
3.5683656386934601e+01	1.7784884515468743e-04
3.5937327414572799e+01	1.7292843956148591e-04
3.6170424743718598e+01	1.6855625163450107e-04
3.6437580587939699e+01	1.6371378821822646e-04
3.6676527959799003e+01	1.5952912586631772e-04
3.6931295695979898e+01	1.5521361800728927e-04
3.7175140927135701e+01	1.5121896075170392e-04
3.7445899718592898e+01	1.4693279972212290e-04
3.7680356937185898e+01	1.4334334879017013e-04
3.7946467977386902e+01	1.3940107030102047e-04
3.8188999301507501e+01	1.3592549217781108e-04
3.8454290454773798e+01	1.3224688334453281e-04
3.8683191854271300e+01	1.2917238708852626e-04
3.8943883829145697e+01	1.2577891026714275e-04
3.9195699407035100e+01	1.2260614426081262e-04
3.9447350479899498e+01	1.1953476696019835e-04
3.9698075773869299e+01	1.1656974170872555e-04
3.9938944288944697e+01	1.1380737069170658e-04
4.0199329532663299e+01	1.1091258251802341e-04
4.0447495550251197e+01	1.0823880949237025e-04
4.0708678597989902e+01	1.0551123315149998e-04
4.0945112150753701e+01	1.0311583352017170e-04
4.1206415487437198e+01	1.0054700696586832e-04
4.1456698550251197e+01	9.8161096566893856e-05
4.1706372417085397e+01	9.5851090541374556e-05
4.1967157738693402e+01	9.3510371799990715e-05
4.2207350540200999e+01	9.1417371603051006e-05
4.2453340824120602e+01	8.9334193799736440e-05
4.2724943326633102e+01	8.7102572601338923e-05
4.2970857145728601e+01	8.5141828404252060e-05
4.3222350087939702e+01	8.3193329670638025e-05
4.3478111932160800e+01	8.1268586929592447e-05
4.3713206836683398e+01	7.9548234340040541e-05
4.3963810391959797e+01	7.7764220564945698e-05
4.4212506336683397e+01	7.6042957289128136e-05
4.4478533693467298e+01	7.4254127297871636e-05
4.4713291311557803e+01	7.2719055859870501e-05
4.4984152869346701e+01	7.0996859111285038e-05
4.5228584542713499e+01	6.9486265113417430e-05
4.5470436907035101e+01	6.8030948299181474e-05
4.5730505894472302e+01	6.6508272756544084e-05
4.5991626914572798e+01	6.5022056394225730e-05
4.6229208379397001e+01	6.3705724215019986e-05
4.6481509341708502e+01	6.2344101142733265e-05
4.6727730422110497e+01	6.1050186376906631e-05
4.6994636670854199e+01	5.9685256736512768e-05
4.7225584783919601e+01	5.8534870837646391e-05
4.7490837087939703e+01	5.7247594810212040e-05
4.7740188198492397e+01	5.6069600134429776e-05
4.7987130849246199e+01	5.4932695564502848e-05
4.8234269944723600e+01	5.3823590694686235e-05
4.8486336178391902e+01	5.2721057055764117e-05
4.8753522163316497e+01	5.1583035171726687e-05
4.8998505547738702e+01	5.0566444281549772e-05
4.9240335605527598e+01	4.9587383018384822e-05
4.9498847957286401e+01	4.8566842613616870e-05
4.9756797550251200e+01	4.7574558724103471e-05
5.0000000000000000e+01	4.6662109847541675e-05
