8.2150078517587814e-03	2.3437490542440315e-04
1.6430015703517563e-02	2.3437500013316219e-04
2.4645023555276344e-02	2.3437499729275484e-04
3.2860031407035126e-02	2.3437500130811105e-04
4.9290047110552689e-02	2.3437500030955776e-04
6.5720062814070251e-02	2.3437500006848181e-04
9.8580094221105377e-02	2.3437500000081171e-04
1.3144012562814050e-01	2.3437500003521607e-04
1.9716018844221075e-01	2.3437500016542363e-04
2.6288025125628101e-01	2.3437500052478786e-04
3.7724560175879351e-01	2.3437500222518915e-04
4.9161095226130602e-01	2.3437500641693658e-04
7.4884254773869297e-01	2.3437503454639316e-04
1.0077792412060300e+00	2.3437511331784357e-04
1.2654852537688399e+00	2.3437528174520401e-04
1.5044117160804000e+00	2.3437556270508545e-04
1.7518062286432099e+00	2.3437603450957522e-04
2.0076619874371802e+00	2.3437678449328910e-04
2.2626972135678400e+00	2.3437787874631654e-04
2.5250322914572800e+00	2.3437946360858953e-04
2.7560971708542699e+00	2.3438133436784819e-04
3.0162214974874400e+00	2.3438408326408800e-04
3.2774139195979899e+00	2.3438765722493378e-04
3.5291212160804002e+00	2.3439200856710976e-04
3.7576955552763800e+00	2.3439685015808789e-04
4.0294925527638199e+00	2.3440386930085959e-04
4.2597402613065301e+00	2.3441102740282728e-04
4.5275730829145697e+00	2.3442093131448218e-04
4.7646505125628096e+00	2.3443127410650044e-04
5.0247620276381904e+00	2.3444451364451282e-04
5.2724497010050202e+00	2.3445914739074377e-04
5.5308858040200999e+00	2.3447673123228643e-04
5.7682108216080401e+00	2.3449514894875438e-04
6.0241979145728601e+00	2.3451766269530480e-04
6.2900965603015004e+00	2.3454420015463120e-04
6.5215621130653201e+00	2.3457012227465825e-04
6.7715512512562803e+00	2.3460128959358571e-04
7.0298144924623100e+00	2.3463719351702819e-04
7.2824746884422096e+00	2.3467622077419703e-04
7.5269364195979804e+00	2.3471790559415905e-04
7.7983694924623101e+00	2.3476901518375344e-04
8.0422641809045192e+00	2.3481955078087779e-04
8.3026738190954692e+00	2.3487863654018425e-04
8.5386436557788894e+00	2.3493702453657620e-04
8.7966210150753703e+00	2.3500644606463394e-04
9.0393576055276306e+00	2.3507739959557474e-04
9.2930872839195899e+00	2.3515773821329160e-04
9.5411544221105498e+00	2.3524271900541972e-04
9.8008577261306495e+00	2.3533888000564518e-04
1.0050982874371901e+01	2.3543882604939317e-04
1.0306771964824099e+01	2.3554887219355355e-04
1.0560442992462299e+01	2.3566623945123419e-04
1.0793540321608001e+01	2.3578167462355511e-04
1.1060696165829100e+01	2.3592335535478910e-04
1.1299643537688400e+01	2.3605896763592224e-04
1.1554411273869301e+01	2.3621325261032164e-04
1.1798256505025099e+01	2.3637072388326251e-04
1.2069015296482400e+01	2.3655733708463080e-04
1.2303472515075400e+01	2.3672938103722416e-04
1.2569583555276401e+01	2.3693694391966203e-04
1.2812114879397001e+01	2.3713799355576769e-04
1.3077406032663299e+01	2.3737146356098832e-04
1.3306307432160800e+01	2.3758476761629845e-04
1.3566999407035199e+01	2.3784164666862815e-04
1.3818814984924600e+01	2.3810446980645204e-04
1.4070466057788900e+01	2.3838215323131466e-04
1.4321191351758801e+01	2.3867437734543113e-04
1.4562059866834201e+01	2.3897033389182288e-04
1.4822445110552801e+01	2.3930772912605724e-04
1.5070611128140699e+01	2.3964685098848255e-04
1.5331794175879400e+01	2.4002303038301139e-04
1.5568227728643199e+01	2.4038127888012270e-04
1.5829531065326600e+01	2.4079757900402062e-04
1.6079814128140701e+01	2.4121716316439498e-04
1.6329487994974901e+01	2.4165685490926212e-04
1.6590273316582898e+01	2.4213954430634879e-04
1.6830466118090399e+01	2.4260612760048129e-04
1.7076456402009999e+01	2.4310669901917307e-04
1.7348058904522599e+01	2.4368715906184464e-04
1.7593972723618101e+01	2.4423885893672364e-04
1.7845465665829099e+01	2.4482980219252352e-04
1.8101227510050201e+01	2.4545958659155870e-04
1.8336322414572901e+01	2.4606510354432997e-04
1.8586925969849201e+01	2.4673973914059058e-04
1.8835621914572901e+01	2.4744015414885788e-04
1.9101649271356798e+01	2.4822485293932015e-04
1.9336406889447201e+01	2.4894898420879067e-04
1.9607268447236201e+01	2.4982289554324630e-04
1.9851700120602999e+01	2.5064828697843479e-04
2.0093552484924601e+01	2.5150069274647177e-04
2.0353621472361802e+01	2.5245856519922445e-04
2.0614742492462302e+01	2.5346513492083527e-04
2.0852323957286401e+01	2.5442162441774977e-04
2.1104624919597999e+01	2.5548156650266249e-04
2.1350846000000001e+01	2.5656167311294259e-04
2.1617752248743699e+01	2.5778573839599090e-04
2.1848700361809001e+01	2.5889148097756764e-04
2.2113952665829100e+01	2.6021715625285877e-04
2.2363303776381901e+01	2.6152002880800698e-04
2.2610246427135699e+01	2.6286688722129735e-04
2.2857385522613001e+01	2.6427369616771948e-04
2.3109451756281398e+01	2.6577198099717112e-04
2.3376637741206000e+01	2.6743337604541803e-04
2.3621621125628099e+01	2.6902611120172281e-04
2.3863451183417101e+01	2.7066656723149509e-04
2.4121963535175901e+01	2.7249873190435513e-04
2.4379913128140700e+01	2.7441180805274067e-04
2.4611438206030101e+01	2.7620470183057125e-04
2.4885696356783900e+01	2.7842605753113304e-04
2.5115182859296500e+01	2.8037015786341359e-04
2.5383593100502502e+01	2.8274799290914414e-04
2.5639764673366798e+01	2.8512755216237987e-04
2.5868495374371800e+01	2.8734804437669268e-04
2.6125726969849200e+01	2.8995909176406445e-04
2.6384663663316601e+01	2.9271596205858241e-04
2.6642369675879401e+01	2.9559528405422296e-04
2.6881296138190901e+01	2.9839266127476761e-04
2.7128690650753700e+01	3.0142646007176929e-04
2.7384546409547699e+01	3.0471972023938816e-04
2.7639581635678400e+01	3.0816980932878119e-04
2.7901916713567800e+01	3.1190435862062961e-04
2.8132981592964800e+01	3.1535976595743021e-04
2.8393105919598000e+01	3.1944810355594768e-04
2.8654298341708500e+01	3.2377892849795483e-04
2.8906005638190901e+01	3.2818169788249835e-04
2.9134579977386899e+01	3.3238834118098963e-04
2.9406376974874401e+01	3.3766751273442999e-04
2.9636624683417100e+01	3.4239216067992370e-04
2.9904457505025100e+01	3.4820222511128745e-04
3.0141534934673299e+01	3.5364860367381219e-04
3.0401646449748700e+01	3.5997887777175665e-04
3.0649334123115601e+01	3.6638006759097218e-04
3.0907770226130602e+01	3.7348092060889167e-04
3.1145095243718600e+01	3.8041406972224938e-04
3.1401082336683402e+01	3.8837494589111460e-04
3.1666980982411999e+01	3.9722428106202901e-04
3.1898446535175900e+01	4.0545536632062259e-04
3.2148435673366798e+01	4.1495135085185055e-04
3.2406698914572800e+01	4.2548965201426103e-04
3.2659359110552700e+01	4.3659252576620138e-04
3.2903820841708502e+01	4.4816471875245754e-04
3.3175253914572799e+01	4.6208199619243246e-04
3.3419148603015103e+01	4.7566200824716165e-04
3.3679558241206003e+01	4.9142901212454989e-04
3.3915528077889398e+01	5.0699117840339203e-04
3.4173505437185902e+01	5.2558078024433279e-04
3.4416242027638198e+01	5.4478465592856231e-04
3.4669971706030097e+01	5.6689884628761521e-04
3.4918038844221101e+01	5.9084927468700085e-04
3.5177742148241201e+01	6.1880572671057382e-04
3.5427867296482397e+01	6.4901149204457946e-04
3.5683656386934601e+01	6.8386204758126947e-04
3.5937327414572799e+01	7.2317376377633712e-04
3.6170424743718598e+01	7.6433857594490715e-04
3.6437580587939699e+01	8.1881632141987280e-04
3.6676527959799003e+01	8.7574204766633181e-04
3.6931295695979898e+01	9.4727506709024539e-04
3.7175140927135701e+01	1.0292190556737653e-03
3.7445899718592898e+01	1.1407874015567762e-03
3.7680356937185898e+01	1.2611560923920491e-03
3.7946467977386902e+01	1.4356750650209749e-03
3.8188999301507501e+01	1.6459002972711927e-03
3.8454290454773798e+01	1.9628635226715094e-03
3.8568741154522549e+01	2.1409834698932870e-03
3.8683191854271300e+01	2.3539623557459681e-03
3.8813537841708495e+01	2.6520094493660074e-03
3.8943883829145697e+01	3.0289919668950427e-03
3.9069791618090399e+01	3.4937422885826732e-03
3.9195699407035100e+01	4.0855044068603399e-03
3.9258612175251201e+01	4.4344826521883511e-03
3.9321524943467296e+01	4.8160868545448956e-03
3.9384437711683397e+01	5.2190697342695972e-03
3.9447350479899498e+01	5.6192369182176604e-03
3.9510031803391946e+01	5.9744442308254011e-03
3.9572713126884395e+01	6.2318282404699330e-03
3.9604053788630623e+01	6.3065677744132504e-03
3.9635394450376850e+01	6.3384587419650891e-03
3.9666735112123078e+01	6.3251974937548854e-03
3.9698075773869299e+01	6.2673112760266341e-03
3.9758292902638146e+01	6.0447636918791632e-03
3.9818510031407001e+01	5.7137115219516700e-03
3.9878727160175849e+01	5.3249664016142163e-03
3.9938944288944697e+01	4.9210785883927900e-03
4.0004040599874344e+01	4.4994902027021572e-03
4.0069136910803998e+01	4.1111829812047812e-03
4.0134233221733652e+01	3.7627221594906056e-03
4.0199329532663299e+01	3.4541222960940135e-03
4.0323412541457245e+01	2.9644084907139686e-03
4.0447495550251197e+01	2.5795958481736633e-03
4.0578087074120546e+01	2.2594018943654995e-03
4.0708678597989902e+01	2.0035930240401597e-03
4.0945112150753701e+01	1.6541537501934985e-03
4.1206415487437198e+01	1.3796107746112368e-03
4.1456698550251197e+01	1.1859351528998934e-03
4.1706372417085397e+01	1.0372673257071912e-03
4.1967157738693402e+01	9.1483962639878546e-04
4.2207350540200999e+01	8.2348820326782503e-04
4.2453340824120602e+01	7.4576713110217636e-04
4.2724943326633102e+01	6.7413151984424449e-04
4.2970857145728601e+01	6.1923748931085661e-04
4.3222350087939702e+01	5.7083554953561222e-04
4.3478111932160800e+01	5.2809004890058296e-04
4.3713206836683398e+01	4.9352672150588205e-04
4.3963810391959797e+01	4.6082657277328145e-04
4.4212506336683397e+01	4.3193115436408031e-04
4.4478533693467298e+01	4.0432915387973050e-04
4.4713291311557803e+01	3.8239515081616067e-04
4.4984152869346701e+01	3.5950657389888013e-04
4.5228584542713499e+01	3.4077926170115167e-04
4.5470436907035101e+01	3.2381724900375322e-04
4.5730505894472302e+01	3.0710540523377683e-04
4.5991626914572798e+01	2.9172820868202023e-04
4.6229208379397001e+01	2.7881791301236205e-04
4.6481509341708502e+01	2.6611165980891082e-04
4.6727730422110497e+01	2.5460525282187176e-04
4.6994636670854199e+01	2.4302566480521097e-04
4.7225584783919601e+01	2.3368267649987693e-04
4.7490837087939703e+01	2.2365113621952159e-04
4.7740188198492397e+01	2.1483987559570017e-04
4.7987130849246199e+01	2.0665086706121220e-04
4.8234269944723600e+01	1.9894415486237553e-04
4.8486336178391902e+01	1.9154494645187513e-04
4.8753522163316497e+01	1.8416748015462551e-04
4.8998505547738702e+01	1.7778963008242775e-04
4.9240335605527598e+01	1.7182797589700296e-04
4.9498847957286401e+01	1.6579426884343051e-04
4.9756797550251200e+01	1.6009674882128542e-04
5.0000000000000000e+01	1.5499872084711797e-04
