8.2150078517587814e-03	3.5138704677534217e+04
1.6430015703517563e-02	3.4878246499719040e+04
2.4645023555276344e-02	3.3813089595069105e+04
3.2860031407035126e-02	3.1368558414423384e+04
4.1075039258793911e-02	2.7577254017769053e+04
4.9290047110552689e-02	2.3199581008965535e+04
5.7505054962311467e-02	1.9061348417723675e+04
6.5720062814070251e-02	1.5571695208512578e+04
7.3935070665829036e-02	1.2783707643638047e+04
8.2150078517587821e-02	1.0598573162411842e+04
9.0365086369346592e-02	8.8881156771881197e+03
9.8580094221105377e-02	7.5396454611791478e+03
1.0679510207286416e-01	6.4651753870761049e+03
1.1501010992462293e-01	5.5989030986911703e+03
1.2322511777638172e-01	4.8922504562761596e+03
1.3144012562814050e-01	4.3093318501770000e+03
1.3965513347989927e-01	3.8234514638521800e+03
1.4787014133165807e-01	3.4145522379399140e+03
1.5608514918341687e-01	3.0673974907218562e+03
1.6430015703517564e-01	2.7702809736964628e+03
1.7251516488693441e-01	2.5141087600629726e+03
1.8073017273869318e-01	2.2917409462043497e+03
1.8894518059045196e-01	2.0975152009029403e+03
1.9716018844221075e-01	1.9268983805721455e+03
2.0537519629396955e-01	1.7762291011700106e+03
2.1359020414572832e-01	1.6425255326566435e+03
2.2180521199748710e-01	1.5233404346219568e+03
2.3002021984924587e-01	1.4166507557372406e+03
2.3823522770100464e-01	1.3207727741216274e+03
2.4645023555276344e-01	1.2342962932618364e+03
2.5466524340452223e-01	1.1560331874991532e+03
2.6288025125628101e-01	1.0849768492378282e+03
2.7002808566268804e-01	1.0283438662679562e+03
2.7717592006909508e-01	9.7602822486409104e+02
2.8432375447550212e-01	9.2760244007032315e+02
2.9147158888190916e-01	8.8269058118909493e+02
3.0576725769472324e-01	8.0212022586861167e+02
3.2006292650753726e-01	7.3209200934412172e+02
3.3435859532035128e-01	6.7084482142337151e+02
3.4865426413316536e-01	6.1697024576626836e+02
3.6294993294597944e-01	5.6933114614356828e+02
3.7724560175879351e-01	5.2700134181246005e+02
4.0583693938442167e-01	4.5535910577147615e+02
4.3442827701004977e-01	3.9738439649819782e+02
4.6301961463567787e-01	3.4980938250175979e+02
4.9161095226130602e-01	3.1028733239620414e+02
5.5591885113065276e-01	2.4260987209970710e+02
6.2022674999999949e-01	1.9485762312872649e+02
6.8453464886934623e-01	1.5990820910581269e+02
7.4884254773869297e-01	1.3355849345261609e+02
8.7831089447236144e-01	9.6947406413150517e+01
1.0077792412060300e+00	7.3475089218625058e+01
1.2654852537688399e+00	4.6239092333842606e+01
1.5044117160804000e+00	3.2308588430499192e+01
1.7518062286432099e+00	2.3344801344852510e+01
2.0076619874371802e+00	1.7233035628219604e+01
2.2626972135678400e+00	1.3010453472818831e+01
2.5250322914572800e+00	9.8878939918094417e+00
2.7560971708542699e+00	7.8317328191199636e+00
3.0162214974874400e+00	6.0692188585154376e+00
3.2774139195979899e+00	4.7321197052236874e+00
3.5291212160804002e+00	3.7482507609950968e+00
3.7576955552763800e+00	3.0513970028420885e+00
4.0294925527638199e+00	2.4079522703768212e+00
4.2597402613065301e+00	1.9837301413618882e+00
4.5275730829145697e+00	1.5960754711183689e+00
4.7646505125628096e+00	1.3261092319263525e+00
5.0247620276381904e+00	1.0904121488164493e+00
5.2724497010050202e+00	9.1155793126859441e-01
5.5308858040200999e+00	7.6159836566971117e-01
5.7682108216080401e+00	6.4973048985367943e-01
6.0241979145728601e+00	5.5088594967242088e-01
6.2900965603015004e+00	4.6716999069709764e-01
6.5215621130653201e+00	4.0681930386814152e-01
6.7715512512562803e+00	3.5215564550299433e-01
7.0298144924623100e+00	3.0498024612259439e-01
7.2824746884422096e+00	2.6623934418000389e-01
7.5269364195979804e+00	2.3445250519264552e-01
7.7983694924623101e+00	2.0453516333332056e-01
8.0422641809045192e+00	1.8163667116231547e-01
8.3026738190954692e+00	1.6062898712434878e-01
8.5386436557788894e+00	1.4416633210408647e-01
8.7966210150753703e+00	1.2851967992909721e-01
9.0393576055276306e+00	1.1569792333912796e-01
9.2930872839195899e+00	1.0396548465417600e-01
9.5411544221105498e+00	9.3903354226716057e-02
9.8008577261306495e+00	8.4643613194098383e-02
1.0050982874371901e+01	7.6783029808563094e-02
1.0306771964824099e+01	6.9667781484081578e-02
1.0560442992462299e+01	6.3408721079758493e-02
1.0793540321608001e+01	5.8266473325605229e-02
1.1060696165829100e+01	5.2998256568377131e-02
1.1299643537688400e+01	4.8782355652243994e-02
1.1554411273869301e+01	4.4739187148556472e-02
1.1798256505025099e+01	4.1254573603784858e-02
1.2069015296482400e+01	3.7773707984746788e-02
1.2303472515075400e+01	3.5051684757102956e-02
1.2569583555276401e+01	3.2252602909320659e-02
1.2812114879397001e+01	2.9940986711304612e-02
1.3077406032663299e+01	2.7644644371036739e-02
1.3306307432160800e+01	2.5837785357713292e-02
1.3566999407035199e+01	2.3956083216269502e-02
1.3818814984924600e+01	2.2298377564499140e-02
1.4070466057788900e+01	2.0782558006020486e-02
1.4321191351758801e+01	1.9398276684231733e-02
1.4562059866834201e+01	1.8175319043995740e-02
1.4822445110552801e+01	1.6959718732048459e-02
1.5070611128140699e+01	1.5894335925735321e-02
1.5331794175879400e+01	1.4861880824772430e-02
1.5568227728643199e+01	1.3998615667844114e-02
1.5829531065326600e+01	1.3116200566538710e-02
1.6079814128140701e+01	1.2335267707554980e-02
1.6329487994974901e+01	1.1613299800472415e-02
1.6590273316582898e+01	1.0914715369463668e-02
1.6830466118090399e+01	1.0317184628405108e-02
1.7076456402009999e+01	9.7470151355506952e-03
1.7348058904522599e+01	9.1624809478168725e-03
1.7593972723618101e+01	8.6705785857370161e-03
1.7845465665829099e+01	8.2011868516126858e-03
1.8101227510050201e+01	7.7559554088128483e-03
1.8336322414572901e+01	7.3730523173070259e-03
1.8586925969849201e+01	6.9905504402370177e-03
1.8835621914572901e+01	6.6351730843208431e-03
1.9101649271356798e+01	6.2796709308657120e-03
1.9336406889447201e+01	5.9855312596341298e-03
1.9607268447236201e+01	5.6672302039542655e-03
1.9851700120602999e+01	5.3979583000807940e-03
2.0093552484924601e+01	5.1470872862058930e-03
2.0353621472361802e+01	4.8933674985787885e-03
2.0614742492462302e+01	4.6541566651509087e-03
2.0852323957286401e+01	4.4490843378770968e-03
2.1104624919597999e+01	4.2435214180035607e-03
2.1350846000000001e+01	4.0542339583489592e-03
2.1617752248743699e+01	3.8608122120375229e-03
2.1848700361809001e+01	3.7026768131531509e-03
2.2113952665829100e+01	3.5309108339759802e-03
2.2363303776381901e+01	3.3784324102063522e-03
2.2610246427135699e+01	3.2354535474478450e-03
2.2857385522613001e+01	3.0998542060710157e-03
2.3109451756281398e+01	2.9687900797805708e-03
2.3376637741206000e+01	2.8373381684920753e-03
2.3621621125628099e+01	2.7231448891568586e-03
2.3863451183417101e+01	2.6160010984119966e-03
2.4121963535175901e+01	2.5072288361290859e-03
2.4379913128140700e+01	2.4042704599843466e-03
2.4611438206030101e+01	2.3163233136767451e-03
2.4885696356783900e+01	2.2172821971156256e-03
2.5115182859296500e+01	2.1384479225909948e-03
2.5383593100502502e+01	2.0506353492075573e-03
2.5639764673366798e+01	1.9709916168886782e-03
2.5868495374371800e+01	1.9031219589698035e-03
2.6125726969849200e+01	1.8302481846335463e-03
2.6384663663316601e+01	1.7603802696549331e-03
2.6642369675879401e+01	1.6941235508415879e-03
2.6881296138190901e+01	1.6354575859132904e-03
2.7128690650753700e+01	1.5773637720713084e-03
2.7384546409547699e+01	1.5199708123107706e-03
2.7639581635678400e+01	1.4653363770194595e-03
2.7901916713567800e+01	1.4116751308858417e-03
2.8132981592964800e+01	1.3664307979690973e-03
2.8393105919598000e+01	1.3176436775332410e-03
2.8654298341708500e+01	1.2708274465101908e-03
2.8906005638190901e+01	1.2276625775844532e-03
2.9134579977386899e+01	1.1900415607423985e-03
2.9406376974874401e+01	1.1471624890344553e-03
2.9636624683417100e+01	1.1123398665155745e-03
2.9904457505025100e+01	1.0734787155952706e-03
3.0141534934673299e+01	1.0404864946742388e-03
3.0401646449748700e+01	1.0057336785536724e-03
3.0649334123115601e+01	9.7397930357601061e-04
3.0907770226130602e+01	9.4217154705634532e-04
3.1145095243718600e+01	9.1409800807595116e-04
3.1401082336683402e+01	8.8497904438049530e-04
3.1666980982411999e+01	8.5594985785368441e-04
3.1898446535175900e+01	8.3164305283295586e-04
3.2148435673366798e+01	8.0635224963415924e-04
3.2406698914572800e+01	7.8122587876047278e-04
3.2659359110552700e+01	7.5758467513577091e-04
3.2903820841708502e+01	7.3555582358679624e-04
3.3175253914572799e+01	7.1202633293676360e-04
3.3419148603015103e+01	6.9168145572548630e-04
3.3679558241206003e+01	6.7075460493397126e-04
3.3915528077889398e+01	6.5247108522429014e-04
3.4173505437185902e+01	6.3318946361478224e-04
3.4416242027638198e+01	6.1569312222991255e-04
3.4669971706030097e+01	5.9804555905726268e-04
3.4918038844221101e+01	5.8139895371157792e-04
3.5177742148241201e+01	5.6458738817385186e-04
3.5427867296482397e+01	5.4896646811071633e-04
3.5683656386934601e+01	5.3354653546406217e-04
3.5937327414572799e+01	5.1878531868445774e-04
3.6170424743718598e+01	5.0566875490350312e-04
3.6437580587939699e+01	4.9114136465467934e-04
3.6676527959799003e+01	4.7858737759895313e-04
3.6931295695979898e+01	4.6564085402186789e-04
3.7175140927135701e+01	4.5365688225511178e-04
3.7445899718592898e+01	4.4079839916636874e-04
3.7680356937185898e+01	4.3003004637051043e-04
3.7946467977386902e+01	4.1820321090306126e-04
3.8188999301507501e+01	4.0777647653343326e-04
3.8454290454773798e+01	3.9674065003359837e-04
3.8683191854271300e+01	3.8751716126557889e-04
3.8943883829145697e+01	3.7733673080142820e-04
3.9195699407035100e+01	3.6781843278243788e-04
3.9447350479899498e+01	3.5860430088059512e-04
3.9698075773869299e+01	3.4970922512617667e-04
3.9938944288944697e+01	3.4142211207511956e-04
4.0199329532663299e+01	3.3273774755407013e-04
4.0447495550251197e+01	3.2471642847711085e-04
4.0708678597989902e+01	3.1653369945449993e-04
4.0945112150753701e+01	3.0934750056051509e-04
4.1206415487437198e+01	3.0164102089760505e-04
4.1456698550251197e+01	2.9448328970068153e-04
4.1706372417085397e+01	2.8755327162412371e-04
4.1967157738693402e+01	2.8053111539997212e-04
4.2207350540200999e+01	2.7425211480915313e-04
4.2453340824120602e+01	2.6800258139920920e-04
4.2724943326633102e+01	2.6130771780401676e-04
4.2970857145728601e+01	2.5542548521275619e-04
4.3222350087939702e+01	2.4957998901191408e-04
4.3478111932160800e+01	2.4380576078877737e-04
4.3713206836683398e+01	2.3864470302012162e-04
4.3963810391959797e+01	2.3329266169483718e-04
4.4212506336683397e+01	2.2812887186738438e-04
4.4478533693467298e+01	2.2276238189361487e-04
4.4713291311557803e+01	2.1815716757961147e-04
4.4984152869346701e+01	2.1299057733385515e-04
4.5228584542713499e+01	2.0845879534025228e-04
4.5470436907035101e+01	2.0409284489754446e-04
4.5730505894472302e+01	1.9952481826963222e-04
4.5991626914572798e+01	1.9506616918267718e-04
4.6229208379397001e+01	1.9111717264505996e-04
4.6481509341708502e+01	1.8703230342819978e-04
4.6727730422110497e+01	1.8315055913071989e-04
4.6994636670854199e+01	1.7905577020953830e-04
4.7225584783919601e+01	1.7560461251293918e-04
4.7490837087939703e+01	1.7174278443063615e-04
4.7740188198492397e+01	1.6820880040328931e-04
4.7987130849246199e+01	1.6479808669350854e-04
4.8234269944723600e+01	1.6147077208405867e-04
4.8486336178391902e+01	1.5816317116729235e-04
4.8753522163316497e+01	1.5474910551518004e-04
4.8998505547738702e+01	1.5169933284464937e-04
4.9240335605527598e+01	1.4876214905515446e-04
4.9498847957286401e+01	1.4570052784085061e-04
4.9756797550251200e+01	1.4272367617231043e-04
5.0000000000000000e+01	1.3998632954262502e-04
