8.2150078517587814e-03	2.3437466351005918e-03
1.6430015703517563e-02	2.3437501973391150e-03
2.4645023555276344e-02	2.3437499415201193e-03
3.2860031407035126e-02	2.3437500004624781e-03
4.9290047110552689e-02	2.3437500019133010e-03
6.5720062814070251e-02	2.3437500010502180e-03
9.8580094221105377e-02	2.3437500010199367e-03
1.3144012562814050e-01	2.3437500032547202e-03
1.9716018844221075e-01	2.3437500165972556e-03
2.6288025125628101e-01	2.3437500524568361e-03
3.7724560175879351e-01	2.3437502224589544e-03
4.9161095226130602e-01	2.3437506415592666e-03
7.4884254773869297e-01	2.3437534539150246e-03
1.0077792412060300e+00	2.3437613294427025e-03
1.2654852537688399e+00	2.3437781688778595e-03
1.5044117160804000e+00	2.3438062598384376e-03
1.7518062286432099e+00	2.3438534331905883e-03
2.0076619874371802e+00	2.3439284237531956e-03
2.2626972135678400e+00	2.3440378453110640e-03
2.5250322914572800e+00	2.3441963422092139e-03
2.7560971708542699e+00	2.3443834552401457e-03
3.0162214974874400e+00	2.3446584475446349e-03
3.2774139195979899e+00	2.3450160628561696e-03
3.5291212160804002e+00	2.3454515948724071e-03
3.7576955552763800e+00	2.3459363656080459e-03
4.0294925527638199e+00	2.3466394829853490e-03
4.2597402613065301e+00	2.3473569060675483e-03
4.5275730829145697e+00	2.3483501721683459e-03
4.7646505125628096e+00	2.3493882519238442e-03
5.0247620276381904e+00	2.3507182625590864e-03
5.2724497010050202e+00	2.3521898914724993e-03
5.5308858040200999e+00	2.3539603643416701e-03
5.7682108216080401e+00	2.3558173438714978e-03
6.0241979145728601e+00	2.3580908557544271e-03
6.2900965603015004e+00	2.3607757204312419e-03
6.5215621130653201e+00	2.3634035961305278e-03
6.7715512512562803e+00	2.3665701236876783e-03
7.0298144924623100e+00	2.3702272758017650e-03
7.2824746884422096e+00	2.3742140308060621e-03
7.5269364195979804e+00	2.3784855156538777e-03
7.7983694924623101e+00	2.3837415487621694e-03
8.0422641809045192e+00	2.3889590176050424e-03
8.3026738190954692e+00	2.3950852099756011e-03
8.5386436557788894e+00	2.4011667532713066e-03
8.7966210150753703e+00	2.4084336230412607e-03
9.0393576055276306e+00	2.4159017138327453e-03
9.2930872839195899e+00	2.4244079191033658e-03
9.5411544221105498e+00	2.4334643357540767e-03
9.8008577261306495e+00	2.4437857808320205e-03
1.0050982874371901e+01	2.4545971990402806e-03
1.0306771964824099e+01	2.4666010859927703e-03
1.0560442992462299e+01	2.4795205012111189e-03
1.0793540321608001e+01	2.4923466203715943e-03
1.1060696165829100e+01	2.5082532144269859e-03
1.1299643537688400e+01	2.5236508404899525e-03
1.1554411273869301e+01	2.5413772237294647e-03
1.1798256505025099e+01	2.5597029352284239e-03
1.2069015296482400e+01	2.5817314514890032e-03
1.2303472515075400e+01	2.6023459076919696e-03
1.2569583555276401e+01	2.6276160498650849e-03
1.2812114879397001e+01	2.6525203740048846e-03
1.3077406032663299e+01	2.6819827303203947e-03
1.3306307432160800e+01	2.7094238340674729e-03
1.3566999407035199e+01	2.7431548278100768e-03
1.3818814984924600e+01	2.7784651416832796e-03
1.4070466057788900e+01	2.8166811595076060e-03
1.4321191351758801e+01	2.8579454831475838e-03
1.4562059866834201e+01	2.9008751330546183e-03
1.4822445110552801e+01	2.9512735616035925e-03
1.5070611128140699e+01	3.0035676516409118e-03
1.5331794175879400e+01	3.0635950370160366e-03
1.5568227728643199e+01	3.1228396872244966e-03
1.5829531065326600e+01	3.1943792638171342e-03
1.6079814128140701e+01	3.2695940902654880e-03
1.6329487994974901e+01	3.3519891944538043e-03
1.6590273316582898e+01	3.4469601267280566e-03
1.6830466118090399e+01	3.5436018623141775e-03
1.7076456402009999e+01	3.6530088560806314e-03
1.7348058904522599e+01	3.7879710424880380e-03
1.7593972723618101e+01	3.9250999946984187e-03
1.7845465665829099e+01	4.0825891207975961e-03
1.8101227510050201e+01	4.2639011751443761e-03
1.8336322414572901e+01	4.4529571806297668e-03
1.8586925969849201e+01	4.6829060244422543e-03
1.8835621914572901e+01	4.9463565873643194e-03
1.9101649271356798e+01	5.2765123646183248e-03
1.9336406889447201e+01	5.6200524720367738e-03
1.9607268447236201e+01	6.0949428946739347e-03
1.9851700120602999e+01	6.6181494825086236e-03
2.0093552484924601e+01	7.2548681843167383e-03
2.0353621472361802e+01	8.1225041423848010e-03
2.0614742492462302e+01	9.2700214910111239e-03
2.0852323957286401e+01	1.0677034294978115e-02
2.1104624919597999e+01	1.2770992800440386e-02
2.1227735459799000e+01	1.4129636826300071e-02
2.1350846000000001e+01	1.5802884053656492e-02
2.1484299124371852e+01	1.8087787297360856e-02
2.1617752248743699e+01	2.1014375012539405e-02
2.1675489277010023e+01	2.2516546949377301e-02
2.1733226305276350e+01	2.4168231188181337e-02
2.1790963333542678e+01	2.5957627417718395e-02
2.1848700361809001e+01	2.7847644461962074e-02
2.1915013437814025e+01	3.0040663883433030e-02
2.1981326513819049e+01	3.2059378066052316e-02
2.2047639589824072e+01	3.3608649639064216e-02
2.2113952665829100e+01	3.4370411562225499e-02
2.2176290443467302e+01	3.4184677171489562e-02
2.2238628221105500e+01	3.3142605909457987e-02
2.2300965998743699e+01	3.1440699201645383e-02
2.2363303776381901e+01	2.9353848342382232e-02
2.2425039439070353e+01	2.7153647441960319e-02
2.2486775101758802e+01	2.4991662422941763e-02
2.2548510764447251e+01	2.2964816014560494e-02
2.2610246427135699e+01	2.1116049543386691e-02
2.2733815974874350e+01	1.7972469010592178e-02
2.2857385522613001e+01	1.5485643282647893e-02
2.2983418639447201e+01	1.3479226184003219e-02
2.3109451756281398e+01	1.1876645800984248e-02
2.3243044748743699e+01	1.0507269959986031e-02
2.3376637741206000e+01	9.3922826444988190e-03
2.3621621125628099e+01	7.8163921718279652e-03
2.3863451183417101e+01	6.6671104075931194e-03
2.4121963535175901e+01	5.7320992521474688e-03
2.4379913128140700e+01	5.0060384854545637e-03
2.4611438206030101e+01	4.4799421627665986e-03
2.4885696356783900e+01	3.9695143552414174e-03
2.5115182859296500e+01	3.6139736483611156e-03
2.5383593100502502e+01	3.2617239146656685e-03
2.5639764673366798e+01	2.9760306325772026e-03
2.5868495374371800e+01	2.7543633370124593e-03
2.6125726969849200e+01	2.5358469606905328e-03
2.6384663663316601e+01	2.3430886861772276e-03
2.6642369675879401e+01	2.1737430436301877e-03
2.6881296138190901e+01	2.0336214604490203e-03
2.7128690650753700e+01	1.9031177750036439e-03
2.7384546409547699e+01	1.7815617111857701e-03
2.7639581635678400e+01	1.6721021182121167e-03
2.7901916713567800e+01	1.5700707037652583e-03
2.8132981592964800e+01	1.4879652630389319e-03
2.8393105919598000e+01	1.4031853689505285e-03
2.8654298341708500e+01	1.3252670710455731e-03
2.8906005638190901e+01	1.2562297681222201e-03
2.9134579977386899e+01	1.1981344289770518e-03
2.9406376974874401e+01	1.1341547927784822e-03
2.9636624683417100e+01	1.0838652800922099e-03
2.9904457505025100e+01	1.0294265130871569e-03
3.0141534934673299e+01	9.8454321605916497e-04
3.0401646449748700e+01	9.3853388866467361e-04
3.0649334123115601e+01	8.9758851602621552e-04
3.0907770226130602e+01	8.5758228785014516e-04
3.1145095243718600e+01	8.2308165107129879e-04
3.1401082336683402e+01	7.8807071281695778e-04
3.1666980982411999e+01	7.5392746707224844e-04
3.1898446535175900e+01	7.2590427928172370e-04
3.2148435673366798e+01	6.9727827181514381e-04
3.2406698914572800e+01	6.6936072543360850e-04
3.2659359110552700e+01	6.4355605166028173e-04
3.2903820841708502e+01	6.1990485775954265e-04
3.3175253914572799e+01	5.9505159510780362e-04
3.3419148603015103e+01	5.7389486548069669e-04
3.3679558241206003e+01	5.5244762549056371e-04
3.3915528077889398e+01	5.3396525908670973e-04
3.4173505437185902e+01	5.1472718309675247e-04
3.4416242027638198e+01	4.9749109648514255e-04
3.4669971706030097e+01	4.8031485165007541e-04
3.4918038844221101e+01	4.6430166934373422e-04
3.5177742148241201e+01	4.4831266229717823e-04
3.5427867296482397e+01	4.3361803654556755e-04
3.5683656386934601e+01	4.1926308567779994e-04
3.5937327414572799e+01	4.0565940616411878e-04
3.6170424743718598e+01	3.9368309705406181e-04
3.6437580587939699e+01	3.8053956109041024e-04
3.6676527959799003e+01	3.6928249371878018e-04
3.6931295695979898e+01	3.5777028639682622e-04
3.7175140927135701e+01	3.4720056586099682e-04
3.7445899718592898e+01	3.3595096918156108e-04
3.7680356937185898e+01	3.2660196805247850e-04
3.7946467977386902e+01	3.1640875136937715e-04
3.8188999301507501e+01	3.0748646195795295e-04
3.8454290454773798e+01	2.9810782379038761e-04
3.8683191854271300e+01	2.9032004428610598e-04
3.8943883829145697e+01	2.8177732713293487e-04
3.9195699407035100e+01	2.7384011764147959e-04
3.9447350479899498e+01	2.6620205888981972e-04
3.9698075773869299e+01	2.5887058547797732e-04
3.9938944288944697e+01	2.5207711536419603e-04
4.0199329532663299e+01	2.4499588931617395e-04
4.0447495550251197e+01	2.3848949636754875e-04
4.0708678597989902e+01	2.3188574289421401e-04
4.0945112150753701e+01	2.2611398001958421e-04
4.1206415487437198e+01	2.1995297799814160e-04
4.1456698550251197e+01	2.1425704272790903e-04
4.1706372417085397e+01	2.0876634660351291e-04
4.1967157738693402e+01	2.0322660846341616e-04
4.2207350540200999e+01	1.9829343894982716e-04
4.2453340824120602e+01	1.9340233543586196e-04
4.2724943326633102e+01	1.8818351308193189e-04
4.2970857145728601e+01	1.8361582297377678e-04
4.3222350087939702e+01	1.7909293681263799e-04
4.3478111932160800e+01	1.7464103941080292e-04
4.3713206836683398e+01	1.7067515407415636e-04
4.3963810391959797e+01	1.6657566784113113e-04
4.4212506336683397e+01	1.6263301196689037e-04
4.4478533693467298e+01	1.5854867741537586e-04
4.4713291311557803e+01	1.5505432159182772e-04
4.4984152869346701e+01	1.5114558899260964e-04
4.5228584542713499e+01	1.4772715646776171e-04
4.5470436907035101e+01	1.4444265320354946e-04
4.5730505894472302e+01	1.4101537584430444e-04
4.5991626914572798e+01	1.3767924513752094e-04
4.6229208379397001e+01	1.3473192012199172e-04
4.6481509341708502e+01	1.3169053712382722e-04
4.6727730422110497e+01	1.2880729215079034e-04
4.6994636670854199e+01	1.2577306724654460e-04
4.7225584783919601e+01	1.2322154240716786e-04
4.7490837087939703e+01	1.2037263659112548e-04
4.7740188198492397e+01	1.1777133845945093e-04
4.7987130849246199e+01	1.1526597520630029e-04
4.8234269944723600e+01	1.1282677829270832e-04
4.8486336178391902e+01	1.1040682013286196e-04
4.8753522163316497e+01	1.0791395937825235e-04
4.8998505547738702e+01	1.0569137060649684e-04
4.9240335605527598e+01	1.0355463615195222e-04
4.9498847957286401e+01	1.0133133733881916e-04
4.9756797550251200e+01	9.9173463342551793e-05
5.0000000000000000e+01	9.7192558712428956e-05
