8.2150078517587814e-03	1.1718720012744008e-01
1.6430015703517563e-02	1.1718749382198430e-01
2.4645023555276344e-02	1.1718750013160120e-01
3.2860031407035126e-02	1.1718750050003417e-01
4.9290047110552689e-02	1.1718750025990306e-01
6.5720062814070251e-02	1.1718750100090976e-01
9.8580094221105377e-02	1.1718750506078850e-01
1.3144012562814050e-01	1.1718751601549462e-01
1.9716018844221075e-01	1.1718758105785440e-01
2.6288025125628101e-01	1.1718775618616674e-01
3.7724560175879351e-01	1.1718858648346335e-01
4.9161095226130602e-01	1.1719063342752344e-01
7.4884254773869297e-01	1.1720437108575195e-01
1.0077792412060300e+00	1.1724285740722938e-01
1.2654852537688399e+00	1.1732522958579754e-01
1.5044117160804000e+00	1.1746288556751107e-01
1.7518062286432099e+00	1.1769474549745147e-01
2.0076619874371802e+00	1.1806512778602014e-01
2.2626972135678400e+00	1.1860956448813509e-01
2.5250322914572800e+00	1.1940670469997880e-01
2.7560971708542699e+00	1.2036097808294090e-01
3.0162214974874400e+00	1.2179002852255567e-01
3.2774139195979899e+00	1.2369733187859538e-01
3.5291212160804002e+00	1.2609805610422981e-01
3.7576955552763800e+00	1.2887601099078544e-01
4.0294925527638199e+00	1.3311678794344070e-01
4.2597402613065301e+00	1.3772316878201468e-01
4.5275730829145697e+00	1.4461633185986547e-01
4.7646505125628096e+00	1.5254133509661627e-01
5.0247620276381904e+00	1.6394551149885875e-01
5.2724497010050202e+00	1.7851627514326268e-01
5.5308858040200999e+00	1.9941528619090446e-01
5.7682108216080401e+00	2.2636217657357427e-01
5.8962043680904497e+00	2.4532352837980573e-01
6.0241979145728601e+00	2.6842553773819150e-01
6.1571472374371803e+00	2.9781463669391900e-01
6.2900965603015004e+00	3.3349003183818948e-01
6.4058293366834107e+00	3.6926311347490604e-01
6.5215621130653201e+00	4.0652043446798436e-01
6.6465566821608002e+00	4.3978861541315506e-01
6.7715512512562803e+00	4.5123784920193205e-01
6.8361170615577880e+00	4.4468791695827470e-01
6.9006828718592956e+00	4.2975564095738322e-01
6.9652486821608033e+00	4.0821123896068717e-01
7.0298144924623100e+00	3.8250041940354312e-01
7.0929795414572849e+00	3.5559605807021244e-01
7.1561445904522598e+00	3.2870198049753274e-01
7.2193096394472347e+00	3.0295046122233532e-01
7.2824746884422096e+00	2.7896507286591138e-01
7.4047055540200954e+00	2.3834080963402710e-01
7.5269364195979804e+00	2.0506426837743300e-01
7.6626529560301453e+00	1.7534017196865420e-01
7.7983694924623101e+00	1.5158242347338899e-01
7.9203168366834147e+00	1.3415571876523599e-01
8.0422641809045192e+00	1.1961531637873850e-01
8.3026738190954692e+00	9.5631982701676652e-02
8.5386436557788894e+00	7.9697763221377005e-02
8.7966210150753703e+00	6.6464210307917118e-02
9.0393576055276306e+00	5.6796930511358340e-02
9.2930872839195899e+00	4.8754840264599121e-02
9.5411544221105498e+00	4.2399596079855169e-02
9.8008577261306495e+00	3.6948587144241173e-02
1.0050982874371901e+01	3.2594109384297139e-02
1.0306771964824099e+01	2.8852017517833093e-02
1.0560442992462299e+01	2.5706546725725789e-02
1.0793540321608001e+01	2.3218947310633498e-02
1.1060696165829100e+01	2.0756193444281690e-02
1.1299643537688400e+01	1.8845142708055117e-02
1.1554411273869301e+01	1.7060286593244735e-02
1.1798256505025099e+01	1.5558315038867031e-02
1.2069015296482400e+01	1.4090432028018086e-02
1.2303472515075400e+01	1.2964525441386605e-02
1.2569583555276401e+01	1.1826329542494572e-02
1.2812114879397001e+01	1.0900985127927146e-02
1.3077406032663299e+01	9.9945817506403908e-03
1.3306307432160800e+01	9.2902076204820130e-03
1.3566999407035199e+01	8.5647757370783256e-03
1.3818814984924600e+01	7.9324577741458121e-03
1.4070466057788900e+01	7.3597236576240597e-03
1.4321191351758801e+01	6.8411900510575814e-03
1.4562059866834201e+01	6.3866193233193961e-03
1.4822445110552801e+01	5.9380329552343085e-03
1.5070611128140699e+01	5.5475186278270546e-03
1.5331794175879400e+01	5.1714035929917293e-03
1.5568227728643199e+01	4.8586689333878939e-03
1.5829531065326600e+01	4.5406275878178632e-03
1.6079814128140701e+01	4.2605282178606631e-03
1.6329487994974901e+01	4.0027112217370783e-03
1.6590273316582898e+01	3.7542747636236341e-03
1.6830466118090399e+01	3.5425754495690930e-03
1.7076456402009999e+01	3.3412538456092660e-03
1.7348058904522599e+01	3.1355502156768036e-03
1.7593972723618101e+01	2.9629835796959928e-03
1.7845465665829099e+01	2.7987713160869242e-03
1.8101227510050201e+01	2.6434224493544199e-03
1.8336322414572901e+01	2.5101400468421744e-03
1.8586925969849201e+01	2.3772909038304473e-03
1.8835621914572901e+01	2.2541247325529251e-03
1.9101649271356798e+01	2.1311672483079486e-03
1.9336406889447201e+01	2.0296231824837073e-03
1.9607268447236201e+01	1.9199313451838998e-03
1.9851700120602999e+01	1.8272923008712109e-03
2.0093552484924601e+01	1.7411126243717457e-03
2.0353621472361802e+01	1.6540804521621628e-03
2.0614742492462302e+01	1.5721411426526447e-03
2.0852323957286401e+01	1.5019850548941215e-03
2.1104624919597999e+01	1.4317438310478695e-03
2.1350846000000001e+01	1.3671370689645409e-03
2.1617752248743699e+01	1.3011915057061950e-03
2.1848700361809001e+01	1.2473307524171816e-03
2.2113952665829100e+01	1.1888826259406073e-03
2.2363303776381901e+01	1.1370457144116929e-03
2.2610246427135699e+01	1.0884793361838295e-03
2.2857385522613001e+01	1.0424562565911897e-03
2.3109451756281398e+01	9.9800633168053445e-04
2.3376637741206000e+01	9.5345830866039088e-04
2.3621621125628099e+01	9.1478623899544616e-04
2.3863451183417101e+01	8.7852443275559145e-04
2.4121963535175901e+01	8.4173416711799188e-04
2.4379913128140700e+01	8.0693137984360827e-04
2.4611438206030101e+01	7.7721899361788099e-04
2.4885696356783900e+01	7.4377642356425510e-04
2.5115182859296500e+01	7.1717046833116253e-04
2.5383593100502502e+01	6.8754848757625916e-04
2.5639764673366798e+01	6.6069494209530810e-04
2.5868495374371800e+01	6.3782089287486691e-04
2.6125726969849200e+01	6.1327016212505922e-04
2.6384663663316601e+01	5.8974166103287358e-04
2.6642369675879401e+01	5.6743790876267368e-04
2.6881296138190901e+01	5.4769643194274467e-04
2.7128690650753700e+01	5.2815398962508203e-04
2.7384546409547699e+01	5.0885366151326038e-04
2.7639581635678400e+01	4.9048684264668327e-04
2.7901916713567800e+01	4.7245275059328132e-04
2.8132981592964800e+01	4.5725163759353037e-04
2.8393105919598000e+01	4.4086461349402648e-04
2.8654298341708500e+01	4.2514386829829622e-04
2.8906005638190901e+01	4.1065295215915194e-04
2.9134579977386899e+01	3.9802607198088387e-04
2.9406376974874401e+01	3.8363770924647154e-04
2.9636624683417100e+01	3.7195532686140181e-04
2.9904457505025100e+01	3.5892082274372367e-04
3.0141534934673299e+01	3.4785709228042958e-04
3.0401646449748700e+01	3.3620520428379437e-04
3.0649334123115601e+01	3.2556064547471379e-04
3.0907770226130602e+01	3.1490012086014536e-04
3.1145095243718600e+01	3.0549274063771661e-04
3.1401082336683402e+01	2.9573662880535983e-04
3.1666980982411999e+01	2.8601220530471169e-04
3.1898446535175900e+01	2.7787095761262130e-04
3.2148435673366798e+01	2.6940132782362307e-04
3.2406698914572800e+01	2.6098797163863144e-04
3.2659359110552700e+01	2.5307300957097686e-04
3.2903820841708502e+01	2.4569881344315575e-04
3.3175253914572799e+01	2.3782329654880395e-04
3.3419148603015103e+01	2.3101454620429813e-04
3.3679558241206003e+01	2.2401185093859875e-04
3.3915528077889398e+01	2.1789436873364610e-04
3.4173505437185902e+01	2.1144362096856705e-04
3.4416242027638198e+01	2.0559075853497893e-04
3.4669971706030097e+01	1.9968789959326562e-04
3.4918038844221101e+01	1.9412038990463667e-04
3.5177742148241201e+01	1.8849824380044058e-04
3.5427867296482397e+01	1.8327475679216396e-04
3.5683656386934601e+01	1.7811893325654068e-04
3.5937327414572799e+01	1.7318378222803372e-04
3.6170424743718598e+01	1.6879883943208860e-04
3.6437580587939699e+01	1.6394263102526192e-04
3.6676527959799003e+01	1.5974641399749329e-04
3.6931295695979898e+01	1.5541930398609678e-04
3.7175140927135701e+01	1.5141419114317380e-04
3.7445899718592898e+01	1.4711711513131043e-04
3.7680356937185898e+01	1.4351876521135251e-04
3.7946467977386902e+01	1.3956696693041091e-04
3.8188999301507501e+01	1.3608321646735804e-04
3.8454290454773798e+01	1.3239618293008868e-04
3.8683191854271300e+01	1.2931482302347462e-04
3.8943883829145697e+01	1.2591395809884984e-04
3.9195699407035100e+01	1.2273446261345229e-04
3.9447350479899498e+01	1.1965673482511872e-04
3.9698075773869299e+01	1.1668573197606227e-04
3.9938944288944697e+01	1.1391792715151336e-04
4.0199329532663299e+01	1.1101758466356891e-04
4.0447495550251197e+01	1.0833880864227809e-04
4.0708678597989902e+01	1.0560625453872910e-04
4.0945112150753701e+01	1.0320658822833465e-04
4.1206415487437198e+01	1.0063329505853488e-04
4.1456698550251197e+01	9.8243337107874426e-05
4.1706372417085397e+01	9.5929504984624967e-05
4.1967157738693402e+01	9.3585002286701704e-05
4.2207350540200999e+01	9.1488697873492666e-05
4.2453340824120602e+01	8.9402305685338894e-05
4.2724943326633102e+01	8.7167323311638435e-05
4.2970857145728601e+01	8.5203696145099103e-05
4.3222350087939702e+01	8.3252397515488308e-05
4.3478111932160800e+01	8.1324952695485011e-05
4.3713206836683398e+01	7.9602238527147755e-05
4.3963810391959797e+01	7.7815829183494544e-05
4.4212506336683397e+01	7.6092306133585606e-05
4.4478533693467298e+01	7.4301181290762329e-05
4.4713291311557803e+01	7.2764184120603743e-05
4.4984152869346701e+01	7.1039874801604672e-05
4.5228584542713499e+01	6.9527469505681309e-05
4.5470436907035101e+01	6.8070444535338638e-05
4.5730505894472302e+01	6.6546020498565339e-05
4.5991626914572798e+01	6.5058135695544780e-05
4.6229208379397001e+01	6.3740357291154978e-05
4.6481509341708502e+01	6.2377269369931433e-05
4.6727730422110497e+01	6.1081991936193781e-05
4.6994636670854199e+01	5.9715655827356228e-05
4.7225584783919601e+01	5.8564109239612233e-05
4.7490837087939703e+01	5.7275561199658281e-05
4.7740188198492397e+01	5.6096427292087366e-05
4.7987130849246199e+01	5.4958445698521626e-05
4.8234269944723600e+01	5.3848311408495409e-05
4.8486336178391902e+01	5.2744775266478539e-05
4.8753522163316497e+01	5.1605740379503953e-05
4.8998505547738702e+01	5.0588263277011849e-05
4.9240335605527598e+01	4.9608365198253972e-05
4.9498847957286401e+01	4.8586969946262026e-05
4.9756797550251200e+01	4.7593871928831596e-05
5.0000000000000000e+01	4.6680689262135526e-05
