8.2150078517587814e-03	4.6874828355982272e-02
1.6430015703517563e-02	4.6875003943560943e-02
2.4645023555276344e-02	4.6875001127447594e-02
3.2860031407035126e-02	4.6875000217020422e-02
4.9290047110552689e-02	4.6874999974200353e-02
6.5720062814070251e-02	4.6875000022064774e-02
9.8580094221105377e-02	4.6875000204853939e-02
1.3144012562814050e-01	4.6875000654920035e-02
1.9716018844221075e-01	4.6875003312127100e-02
2.6288025125628101e-01	4.6875010468925810e-02
3.7724560175879351e-01	4.6875044397704735e-02
4.9161095226130602e-01	4.6875128041425941e-02
7.4884254773869297e-01	4.6875689334512818e-02
1.0077792412060300e+00	4.6877261204459071e-02
1.2654852537688399e+00	4.6880622486555786e-02
1.5044117160804000e+00	4.6886230611211041e-02
1.7518062286432099e+00	4.6895651050489678e-02
2.0076619874371802e+00	4.6910633446652604e-02
2.2626972135678400e+00	4.6932510051949976e-02
2.5250322914572800e+00	4.6964230352353024e-02
2.7560971708542699e+00	4.7001726599440047e-02
3.0162214974874400e+00	4.7056929687364850e-02
3.2774139195979899e+00	4.7128891008922293e-02
3.5291212160804002e+00	4.7216795086277678e-02
3.7576955552763800e+00	4.7314979600993318e-02
4.0294925527638199e+00	4.7458032803505960e-02
4.2597402613065301e+00	4.7604789547598614e-02
4.5275730829145697e+00	4.7809307303849240e-02
4.7646505125628096e+00	4.8024725762152748e-02
5.0247620276381904e+00	4.8303256449986585e-02
5.2724497010050202e+00	4.8614808504650574e-02
5.5308858040200999e+00	4.8994394117270496e-02
5.7682108216080401e+00	4.9398232566360605e-02
6.0241979145728601e+00	4.9900795489697156e-02
6.2900965603015004e+00	5.0506144657003559e-02
6.5215621130653201e+00	5.1111460390154836e-02
6.7715512512562803e+00	5.1858279296432740e-02
7.0298144924623100e+00	5.2745445594985160e-02
7.2824746884422096e+00	5.3744023728894488e-02
7.5269364195979804e+00	5.4852192098005161e-02
7.7983694924623101e+00	5.6273338034725534e-02
8.0422641809045192e+00	5.7751007267169474e-02
8.3026738190954692e+00	5.9577680085705922e-02
8.5386436557788894e+00	6.1496988756682962e-02
8.7966210150753703e+00	6.3941946117051493e-02
9.0393576055276306e+00	6.6644590611989310e-02
9.2930872839195899e+00	6.9986131292121667e-02
9.5411544221105498e+00	7.3894217214284685e-02
9.8008577261306495e+00	7.8859851332051464e-02
1.0050982874371901e+01	8.4753692597126951e-02
1.0306771964824099e+01	9.2307542027361078e-02
1.0560442992462299e+01	1.0192362643166153e-01
1.0793540321608001e+01	1.1343048252139870e-01
1.1060696165829100e+01	1.3135559092209123e-01
1.1299643537688400e+01	1.5409481649999787e-01
1.1427027405778851e+01	1.7010631147936620e-01
1.1554411273869301e+01	1.8988995765574251e-01
1.1676333889447200e+01	2.1336086959771550e-01
1.1798256505025099e+01	2.4226408334883737e-01
1.1865946202889425e+01	2.6085406475756867e-01
1.1933635900753750e+01	2.8109035571380642e-01
1.2001325598618074e+01	3.0240154614467246e-01
1.2069015296482400e+01	3.2358447169861265e-01
1.2186243905778900e+01	3.5355122001631312e-01
1.2303472515075400e+01	3.6253454674422608e-01
1.2370000275125651e+01	3.5487825636382014e-01
1.2436528035175900e+01	3.3907767415417894e-01
1.2503055795226150e+01	3.1781515876312794e-01
1.2569583555276401e+01	2.9400153343820201e-01
1.2630216386306550e+01	2.7202528494215794e-01
1.2690849217336702e+01	2.5094289832522892e-01
1.2751482048366851e+01	2.3134587760485881e-01
1.2812114879397001e+01	2.1347154282789238e-01
1.2944760456030149e+01	1.8032745132301506e-01
1.3077406032663299e+01	1.5426336115245504e-01
1.3191856732412049e+01	1.3623256822927191e-01
1.3306307432160800e+01	1.2138789236896576e-01
1.3566999407035199e+01	9.6031024976993604e-02
1.3818814984924600e+01	7.8917921977300715e-02
1.4070466057788900e+01	6.6339387459718152e-02
1.4321191351758801e+01	5.6783154909530495e-02
1.4562059866834201e+01	4.9546159418485849e-02
1.4822445110552801e+01	4.3261203014805787e-02
1.5070611128140699e+01	3.8373538121012456e-02
1.5331794175879400e+01	3.4106302365167526e-02
1.5568227728643199e+01	3.0846510042808244e-02
1.5829531065326600e+01	2.7769983255018553e-02
1.6079814128140701e+01	2.5240148090103939e-02
1.6329487994974901e+01	2.3046878622626318e-02
1.6590273316582898e+01	2.1046190497115303e-02
1.6830466118090399e+01	1.9422365602388393e-02
1.7076456402009999e+01	1.7942759513005588e-02
1.7348058904522599e+01	1.6492092883131637e-02
1.7593972723618101e+01	1.5320136591416964e-02
1.7845465665829099e+01	1.4241103347712633e-02
1.8101227510050201e+01	1.3251302245930120e-02
1.8336322414572901e+01	1.2425109264128709e-02
1.8586925969849201e+01	1.1621938306726573e-02
1.8835621914572901e+01	1.0894808065409840e-02
1.9101649271356798e+01	1.0185136550656552e-02
1.9336406889447201e+01	9.6109034969420852e-03
1.9607268447236201e+01	9.0022828068733619e-03
1.9851700120602999e+01	8.4974834603523033e-03
2.0093552484924601e+01	8.0352607127242917e-03
2.0353621472361802e+01	7.5755189784523554e-03
2.0614742492462302e+01	7.1490169561707530e-03
2.0852323957286401e+01	6.7886324625138477e-03
2.1104624919597999e+01	6.4321497522751682e-03
2.1350846000000001e+01	6.1080299579659445e-03
2.1617752248743699e+01	5.7808541497342851e-03
2.1848700361809001e+01	5.5163362681836022e-03
2.2113952665829100e+01	5.2319967783129601e-03
2.2363303776381901e+01	4.9821458449775986e-03
2.2610246427135699e+01	4.7500169727776381e-03
2.2857385522613001e+01	4.5317714389026247e-03
2.3109451756281398e+01	4.3225635511904880e-03
2.3376637741206000e+01	4.1144322112291023e-03
2.3621621125628099e+01	3.9349894755593548e-03
2.3863451183417101e+01	3.7677639308076492e-03
2.4121963535175901e+01	3.5991141727496042e-03
2.4379913128140700e+01	3.4405060453056055e-03
2.4611438206030101e+01	3.3058069353205364e-03
2.4885696356783900e+01	3.1549738146515148e-03
2.5115182859296500e+01	3.0355584782613188e-03
2.5383593100502502e+01	2.9032099916149741e-03
2.5639764673366798e+01	2.7837766651118354e-03
2.5868495374371800e+01	2.6824494350632050e-03
2.6125726969849200e+01	2.5741089795563664e-03
2.6384663663316601e+01	2.4706796468672602e-03
2.6642369675879401e+01	2.3729937553410786e-03
2.6881296138190901e+01	2.2868205498937397e-03
2.7128690650753700e+01	2.2017834792767005e-03
2.7384546409547699e+01	2.1180598027079377e-03
2.7639581635678400e+01	2.0386243644991615e-03
2.7901916713567800e+01	1.9608534910352045e-03
2.8132981592964800e+01	1.8954725372314905e-03
2.8393105919598000e+01	1.8251673486399658e-03
2.8654298341708500e+01	1.7578921154023837e-03
2.8906005638190901e+01	1.6960279444826905e-03
2.9134579977386899e+01	1.6422371391557216e-03
2.9406376974874401e+01	1.5810730482131250e-03
2.9636624683417100e+01	1.5315140021108879e-03
2.9904457505025100e+01	1.4763266338711967e-03
3.0141534934673299e+01	1.4295722554586137e-03
3.0401646449748700e+01	1.3804203282769276e-03
3.0649334123115601e+01	1.3355963493653033e-03
3.0907770226130602e+01	1.2907802279013901e-03
3.1145095243718600e+01	1.2512945073077065e-03
3.1401082336683402e+01	1.2104065744403735e-03
3.1666980982411999e+01	1.1697136474275404e-03
3.1898446535175900e+01	1.1356933503769895e-03
3.2148435673366798e+01	1.1003468267616143e-03
3.2406698914572800e+01	1.0652815075345640e-03
3.2659359110552700e+01	1.0323355005793461e-03
3.2903820841708502e+01	1.0016770887772560e-03
3.3175253914572799e+01	9.6897340332839524e-04
3.3419148603015103e+01	9.4073194358937947e-04
3.3679558241206003e+01	9.1171732211764651e-04
3.3915528077889398e+01	8.8639637287624324e-04
3.4173505437185902e+01	8.5972214725282077e-04
3.4416242027638198e+01	8.3554340484971409e-04
3.4669971706030097e+01	8.1118043939363410e-04
3.4918038844221101e+01	7.8822207781703818e-04
3.5177742148241201e+01	7.6505859535104309e-04
3.5427867296482397e+01	7.4355575499910503e-04
3.5683656386934601e+01	7.2234857932800174e-04
3.5937327414572799e+01	7.0206500082235280e-04
3.6170424743718598e+01	6.8405583759091507e-04
3.6437580587939699e+01	6.6412547654344479e-04
3.6676527959799003e+01	6.4691588749403678e-04
3.6931295695979898e+01	6.2918121624538101e-04
3.7175140927135701e+01	6.1277686214474567e-04
3.7445899718592898e+01	5.9518800235714461e-04
3.7680356937185898e+01	5.8046819608094131e-04
3.7946467977386902e+01	5.6431199595323022e-04
3.8188999301507501e+01	5.5007753014281945e-04
3.8454290454773798e+01	5.3502082728430962e-04
3.8683191854271300e+01	5.2244410494128217e-04
3.8943883829145697e+01	5.0857027499146413e-04
3.9195699407035100e+01	4.9560612989024493e-04
3.9447350479899498e+01	4.8306301271844885e-04
3.9698075773869299e+01	4.7096051526933434e-04
3.9938944288944697e+01	4.5969075934617270e-04
4.0199329532663299e+01	4.4788652386513155e-04
4.0447495550251197e+01	4.3698875626985872e-04
4.0708678597989902e+01	4.2587686094621590e-04
4.0945112150753701e+01	4.1612252148388255e-04
4.1206415487437198e+01	4.0566643185078192e-04
4.1456698550251197e+01	3.9595901535402662e-04
4.1706372417085397e+01	3.8656421921246355e-04
4.1967157738693402e+01	3.7704831822808581e-04
4.2207350540200999e+01	3.6854272688930349e-04
4.2453340824120602e+01	3.6008008854534649e-04
4.2724943326633102e+01	3.5101777728568706e-04
4.2970857145728601e+01	3.4305832688049553e-04
4.3222350087939702e+01	3.3515124019935878e-04
4.3478111932160800e+01	3.2734315297766814e-04
4.3713206836683398e+01	3.2036639672220065e-04
4.3963810391959797e+01	3.1313364307868476e-04
4.4212506336683397e+01	3.0615739139557300e-04
4.4478533693467298e+01	2.9890947605585460e-04
4.4713291311557803e+01	2.9269150357076975e-04
4.4984152869346701e+01	2.8571750860504182e-04
4.5228584542713499e+01	2.7960208978836657e-04
4.5470436907035101e+01	2.7371195086897036e-04
4.5730505894472302e+01	2.6755076279275726e-04
4.5991626914572798e+01	2.6153865030076800e-04
4.6229208379397001e+01	2.5621504047320472e-04
4.6481509341708502e+01	2.5070952571035112e-04
4.6727730422110497e+01	2.4547896974774081e-04
4.6994636670854199e+01	2.3996259844235064e-04
4.7225584783919601e+01	2.3531430894821665e-04
4.7490837087939703e+01	2.3011398268511240e-04
4.7740188198492397e+01	2.2535613526773737e-04
4.7987130849246199e+01	2.2076515875945664e-04
4.8234269944723600e+01	2.1628730282949860e-04
4.8486336178391902e+01	2.1183682045925972e-04
4.8753522163316497e+01	2.0724396780342602e-04
4.8998505547738702e+01	2.0314194585869288e-04
4.9240335605527598e+01	1.9919203387623773e-04
4.9498847957286401e+01	1.9507548385111313e-04
4.9756797550251200e+01	1.9107360173642915e-04
5.0000000000000000e+01	1.8739429434022251e-04
