8.2150078517587814e-03	4.6874980753664284e-03
1.6430015703517563e-02	4.6874998626478103e-03
2.4645023555276344e-02	4.6874998217313769e-03
3.2860031407035126e-02	4.6875000216086912e-03
4.9290047110552689e-02	4.6875000061859882e-03
6.5720062814070251e-02	4.6875000023478422e-03
9.8580094221105377e-02	4.6875000018705591e-03
1.3144012562814050e-01	4.6875000065479053e-03
1.9716018844221075e-01	4.6875000331811677e-03
2.6288025125628101e-01	4.6875001049125863e-03
3.7724560175879351e-01	4.6875004449180068e-03
4.9161095226130602e-01	4.6875012831188827e-03
7.4884254773869297e-01	4.6875069078299043e-03
1.0077792412060300e+00	4.6875226588854128e-03
1.2654852537688399e+00	4.6875563377557251e-03
1.5044117160804000e+00	4.6876125196768691e-03
1.7518062286432099e+00	4.6877068663811732e-03
2.0076619874371802e+00	4.6878568475063895e-03
2.2626972135678400e+00	4.6880756906221271e-03
2.5250322914572800e+00	4.6883926844184286e-03
2.7560971708542699e+00	4.6887669104802914e-03
3.0162214974874400e+00	4.6893168950892707e-03
3.2774139195979899e+00	4.6900321257123401e-03
3.5291212160804002e+00	4.6909031897448142e-03
3.7576955552763800e+00	4.6918727312160909e-03
4.0294925527638199e+00	4.6932789659706988e-03
4.2597402613065301e+00	4.6947138121350993e-03
4.5275730829145697e+00	4.6967003443366927e-03
4.7646505125628096e+00	4.6987765038476901e-03
5.0247620276381904e+00	4.7014365251181727e-03
5.2724497010050202e+00	4.7043797829449986e-03
5.5308858040200999e+00	4.7079207286833402e-03
5.7682108216080401e+00	4.7116346877429955e-03
6.0241979145728601e+00	4.7161817115088552e-03
6.2900965603015004e+00	4.7215514408624820e-03
6.5215621130653201e+00	4.7268071922610564e-03
6.7715512512562803e+00	4.7331402473753574e-03
7.0298144924623100e+00	4.7404545516035309e-03
7.2824746884422096e+00	4.7484280616121250e-03
7.5269364195979804e+00	4.7569710313077555e-03
7.7983694924623101e+00	4.7674830975243379e-03
8.0422641809045192e+00	4.7779180352100848e-03
8.3026738190954692e+00	4.7901704199512013e-03
8.5386436557788894e+00	4.8023335065426149e-03
8.7966210150753703e+00	4.8168672460825197e-03
9.0393576055276306e+00	4.8318034276654889e-03
9.2930872839195899e+00	4.8488158382067326e-03
9.5411544221105498e+00	4.8669286715081524e-03
9.8008577261306495e+00	4.8875715616640411e-03
1.0050982874371901e+01	4.9091943980805611e-03
1.0306771964824099e+01	4.9332021719855406e-03
1.0560442992462299e+01	4.9590410024222360e-03
1.0793540321608001e+01	4.9846932407431885e-03
1.1060696165829100e+01	5.0165064288539710e-03
1.1299643537688400e+01	5.0473016809799050e-03
1.1554411273869301e+01	5.0827544474589285e-03
1.1798256505025099e+01	5.1194058704568468e-03
1.2069015296482400e+01	5.1634629029780063e-03
1.2303472515075400e+01	5.2046918153839392e-03
1.2569583555276401e+01	5.2552320997301689e-03
1.2812114879397001e+01	5.3050407480097657e-03
1.3077406032663299e+01	5.3639654606407903e-03
1.3306307432160800e+01	5.4188476681349459e-03
1.3566999407035199e+01	5.4863096556201510e-03
1.3818814984924600e+01	5.5569302833665584e-03
1.4070466057788900e+01	5.6333623190152121e-03
1.4321191351758801e+01	5.7158909662951675e-03
1.4562059866834201e+01	5.8017502661092367e-03
1.4822445110552801e+01	5.9025471232071851e-03
1.5070611128140699e+01	6.0071353032818235e-03
1.5331794175879400e+01	6.1271900740320758e-03
1.5568227728643199e+01	6.2456793744489932e-03
1.5829531065326600e+01	6.3887585276342683e-03
1.6079814128140701e+01	6.5391881805309761e-03
1.6329487994974901e+01	6.7039783889076086e-03
1.6590273316582898e+01	6.8939202534561133e-03
1.6830466118090399e+01	7.0872037246283550e-03
1.7076456402009999e+01	7.3060177121612672e-03
1.7348058904522599e+01	7.5759420849760770e-03
1.7593972723618101e+01	7.8501999893968461e-03
1.7845465665829099e+01	8.1651782415951904e-03
1.8101227510050201e+01	8.5278023502887591e-03
1.8336322414572901e+01	8.9059143612595371e-03
1.8586925969849201e+01	9.3658120488845087e-03
1.8835621914572901e+01	9.8927131747286387e-03
1.9101649271356798e+01	1.0553024729236646e-02
1.9336406889447201e+01	1.1240104944073548e-02
1.9607268447236201e+01	1.2189885789347868e-02
1.9851700120602999e+01	1.3236298965017251e-02
2.0093552484924601e+01	1.4509736368633480e-02
2.0353621472361802e+01	1.6245008284769605e-02
2.0614742492462302e+01	1.8540042982022248e-02
2.0852323957286401e+01	2.1354068589956230e-02
2.1104624919597999e+01	2.5541985600880772e-02
2.1227735459799000e+01	2.8259273652600139e-02
2.1350846000000001e+01	3.1605768107313061e-02
2.1484299124371852e+01	3.6175574594721781e-02
2.1617752248743699e+01	4.2028750025078783e-02
2.1675489277010023e+01	4.5033093898754331e-02
2.1733226305276350e+01	4.8336462376362431e-02
2.1790963333542678e+01	5.1915254835437047e-02
2.1848700361809001e+01	5.5695288923924426e-02
2.1915013437814025e+01	6.0081327766866519e-02
2.1981326513819049e+01	6.4118756132104784e-02
2.2047639589824072e+01	6.7217299278128431e-02
2.2113952665829100e+01	6.8740823124450970e-02
2.2176290443467302e+01	6.8369354342979138e-02
2.2238628221105500e+01	6.6285211818916182e-02
2.2300965998743699e+01	6.2881398403290767e-02
2.2363303776381901e+01	5.8707696684764651e-02
2.2425039439070353e+01	5.4307294883920186e-02
2.2486775101758802e+01	4.9983324845883456e-02
2.2548510764447251e+01	4.5929632029121030e-02
2.2610246427135699e+01	4.2232099086773570e-02
2.2733815974874350e+01	3.5944938021184321e-02
2.2857385522613001e+01	3.0971286565295901e-02
2.2983418639447201e+01	2.6958452368006501e-02
2.3109451756281398e+01	2.3753291601968464e-02
2.3243044748743699e+01	2.1014539919972052e-02
2.3376637741206000e+01	1.8784565288997634e-02
2.3621621125628099e+01	1.5632784343655927e-02
2.3863451183417101e+01	1.3334220815186239e-02
2.4121963535175901e+01	1.1464198504294938e-02
2.4379913128140700e+01	1.0012076970909126e-02
2.4611438206030101e+01	8.9598843255331972e-03
2.4885696356783900e+01	7.9390287104828330e-03
2.5115182859296500e+01	7.2279472967222312e-03
2.5383593100502502e+01	6.5234478293313388e-03
2.5639764673366798e+01	5.9520612651544052e-03
2.5868495374371800e+01	5.5087266740249203e-03
2.6125726969849200e+01	5.0716939213810638e-03
2.6384663663316601e+01	4.6861773723544551e-03
2.6642369675879401e+01	4.3474860872603736e-03
2.6881296138190901e+01	4.0672429208980414e-03
2.7128690650753700e+01	3.8062355500072878e-03
2.7384546409547699e+01	3.5631234223715410e-03
2.7639581635678400e+01	3.3442042364242334e-03
2.7901916713567800e+01	3.1401414075305167e-03
2.8132981592964800e+01	2.9759305260778639e-03
2.8393105919598000e+01	2.8063707379010565e-03
2.8654298341708500e+01	2.6505341420911461e-03
2.8906005638190901e+01	2.5124595362444402e-03
2.9134579977386899e+01	2.3962688579541040e-03
2.9406376974874401e+01	2.2683095855569645e-03
2.9636624683417100e+01	2.1677305601844198e-03
2.9904457505025100e+01	2.0588530261743134e-03
3.0141534934673299e+01	1.9690864321183299e-03
3.0401646449748700e+01	1.8770677773293474e-03
3.0649334123115601e+01	1.7951770320524310e-03
3.0907770226130602e+01	1.7151645757002903e-03
3.1145095243718600e+01	1.6461633021425969e-03
3.1401082336683402e+01	1.5761414256339149e-03
3.1666980982411999e+01	1.5078549341444969e-03
3.1898446535175900e+01	1.4518085585634470e-03
3.2148435673366798e+01	1.3945565436302876e-03
3.2406698914572800e+01	1.3387214508672170e-03
3.2659359110552700e+01	1.2871121033205635e-03
3.2903820841708502e+01	1.2398097155190857e-03
3.3175253914572799e+01	1.1901031902156077e-03
3.3419148603015103e+01	1.1477897309613936e-03
3.3679558241206003e+01	1.1048952509811279e-03
3.3915528077889398e+01	1.0679305181734195e-03
3.4173505437185902e+01	1.0294543661935049e-03
3.4416242027638198e+01	9.9498219297028509e-04
3.4669971706030097e+01	9.6062970330015082e-04
3.4918038844221101e+01	9.2860333868746822e-04
3.5177742148241201e+01	8.9662532459435645e-04
3.5427867296482397e+01	8.6723607309113489e-04
3.5683656386934601e+01	8.3852617135559988e-04
3.5937327414572799e+01	8.1131881232823745e-04
3.6170424743718598e+01	7.8736619410812363e-04
3.6437580587939699e+01	7.6107912218082048e-04
3.6676527959799003e+01	7.3856498743756058e-04
3.6931295695979898e+01	7.1554057279365243e-04
3.7175140927135701e+01	6.9440113172199365e-04
3.7445899718592898e+01	6.7190193836312248e-04
3.7680356937185898e+01	6.5320393610495721e-04
3.7946467977386902e+01	6.3281750273875409e-04
3.8188999301507501e+01	6.1497292391590600e-04
3.8454290454773798e+01	5.9621564758077523e-04
3.8683191854271300e+01	5.8064008857221185e-04
3.8943883829145697e+01	5.6355465426586974e-04
3.9195699407035100e+01	5.4768023528295917e-04
3.9447350479899498e+01	5.3240411777963933e-04
3.9698075773869299e+01	5.1774117095595442e-04
3.9938944288944697e+01	5.0415423072839238e-04
4.0199329532663299e+01	4.8999177863234778e-04
4.0447495550251197e+01	4.7697899273509733e-04
4.0708678597989902e+01	4.6377148578842807e-04
4.0945112150753701e+01	4.5222796003916842e-04
4.1206415487437198e+01	4.3990595599628320e-04
4.1456698550251197e+01	4.2851408545581805e-04
4.1706372417085397e+01	4.1753269320702583e-04
4.1967157738693402e+01	4.0645321692683232e-04
4.2207350540200999e+01	3.9658687789965433e-04
4.2453340824120602e+01	3.8680467087172393e-04
4.2724943326633102e+01	3.7636702616386373e-04
4.2970857145728601e+01	3.6723164594755367e-04
4.3222350087939702e+01	3.5818587362527598e-04
4.3478111932160800e+01	3.4928207882160584e-04
4.3713206836683398e+01	3.4135030814831267e-04
4.3963810391959797e+01	3.3315133568226238e-04
4.4212506336683397e+01	3.2526602393378063e-04
4.4478533693467298e+01	3.1709735483075171e-04
4.4713291311557803e+01	3.1010864318365534e-04
4.4984152869346701e+01	3.0229117798521939e-04
4.5228584542713499e+01	2.9545431293552337e-04
4.5470436907035101e+01	2.8888530640709892e-04
4.5730505894472302e+01	2.8203075168860888e-04
4.5991626914572798e+01	2.7535849027504183e-04
4.6229208379397001e+01	2.6946384024398345e-04
4.6481509341708502e+01	2.6338107424765455e-04
4.6727730422110497e+01	2.5761458430158073e-04
4.6994636670854199e+01	2.5154613449308920e-04
4.7225584783919601e+01	2.4644308481433573e-04
4.7490837087939703e+01	2.4074527318225096e-04
4.7740188198492397e+01	2.3554267691890186e-04
4.7987130849246199e+01	2.3053195041260050e-04
4.8234269944723600e+01	2.2565355658541665e-04
4.8486336178391902e+01	2.2081364026572384e-04
4.8753522163316497e+01	2.1582791875650469e-04
4.8998505547738702e+01	2.1138274121299368e-04
4.9240335605527598e+01	2.0710927230390444e-04
4.9498847957286401e+01	2.0266267467763832e-04
4.9756797550251200e+01	1.9834692668510359e-04
5.0000000000000000e+01	1.9438511742485791e-04
