6.0000000000000000e+00	2.4925040787876832e-02
6.0525760502512567e+00	2.4980581997377939e-02
6.0983221904522615e+00	2.5030271747678440e-02
6.1497685095477390e+00	2.5087706991444574e-02
6.2015558482412061e+00	2.5147225999937309e-02
6.2530970507537686e+00	2.5208202966353666e-02
6.3008823432160801e+00	2.5266327640788365e-02
6.3503612457286431e+00	2.5328166683461047e-02
6.4015323974874372e+00	2.5393936166864913e-02
6.4525394427135678e+00	2.5461379822599616e-02
6.5050064582914571e+00	2.5532770173378256e-02
6.5512194341708545e+00	2.5597388632052964e-02
6.6032442994974874e+00	2.5672132747296524e-02
6.6554827839195978e+00	2.5749370700932382e-02
6.7058242432160808e+00	2.5825934215266706e-02
6.7515391110552763e+00	2.5897320837053598e-02
6.8058985105527636e+00	2.5984572602611354e-02
6.8519480522613065e+00	2.6060550724886770e-02
6.9055146165829147e+00	2.6151380845402208e-02
6.9529301025125632e+00	2.6234038327540937e-02
7.0049524055276384e+00	2.6327234818871184e-02
7.0544899402010053e+00	2.6418487188646530e-02
7.1061771608040205e+00	2.6516382279543858e-02
7.1536421643216084e+00	2.6608761973040396e-02
7.2048395829145733e+00	2.6711146102715768e-02
7.2580193120603020e+00	2.6820594061242785e-02
7.3043124226130658e+00	2.6918515907064407e-02
7.3543102502512561e+00	2.7027123127358835e-02
7.4059628984924624e+00	2.7142523485850650e-02
7.4564949376884417e+00	2.7258661858929441e-02
7.5053872839195979e+00	2.7374176869432654e-02
7.5596738984924627e+00	2.7506174736772387e-02
7.6084528361809047e+00	2.7628241333150571e-02
7.6605347638190953e+00	2.7762306665076408e-02
7.7077287311557789e+00	2.7887223475823033e-02
7.7593242030150753e+00	2.8027646302126039e-02
7.8078715211055272e+00	2.8163567677841617e-02
7.8586174567839198e+00	2.8309706589904466e-02
7.9082308844221103e+00	2.8456729610587799e-02
7.9601715452261308e+00	2.8615189717319699e-02
8.0101965748743726e+00	2.8772346445307000e-02
8.0613543929648248e+00	2.8937830670763554e-02
8.1120885984924627e+00	2.9106873833294682e-02
8.1587080643216083e+00	2.9266684438108235e-02
8.2121392331658285e+00	2.9455306980772027e-02
8.2599287075376893e+00	2.9629129646954321e-02
8.3108822547738690e+00	2.9819978209867776e-02
8.3596513010050248e+00	3.0008170235633645e-02
8.4138030592964821e+00	3.0223707055807302e-02
8.4606945030150751e+00	3.0416144639352206e-02
8.5139167110552769e+00	3.0641339598114069e-02
8.5624229758793966e+00	3.0853096191399417e-02
8.6154812065326638e+00	3.1092127920406970e-02
8.6612614864321600e+00	3.1304830199475782e-02
8.7133998814070353e+00	3.1554654808000522e-02
8.7637629969849247e+00	3.1803947899540871e-02
8.8140932115577897e+00	3.2061236643952232e-02
8.8642382703517590e+00	3.2326031351712622e-02
8.9124119733668348e+00	3.2588696355060585e-02
8.9644890221105520e+00	3.2882165460088777e-02
9.0141222256281406e+00	3.3171471469777329e-02
9.0663588351758797e+00	3.3486542308354746e-02
9.1136455457286427e+00	3.3781542019841661e-02
9.1659062130653268e+00	3.4118888906869378e-02
9.2159628256281412e+00	3.4453665575623960e-02
9.2658975989949752e+00	3.4799535582842142e-02
9.3180546633165839e+00	3.5174114815017053e-02
9.3660932236180905e+00	3.5531739439663375e-02
9.4152912804020108e+00	3.5911159960975110e-02
9.4696117809045219e+00	3.6346345477317167e-02
9.5187945447236189e+00	3.6755856668468895e-02
9.5690931331658291e+00	3.7190692538802340e-02
9.6202455020100501e+00	3.7650422078527160e-02
9.6672644829145735e+00	3.8089409362162693e-02
9.7173851939698501e+00	3.8575596841174002e-02
9.7671243829145737e+00	3.9077707872913099e-02
9.8203298542713569e+00	3.9637705188816028e-02
9.8672813778894479e+00	4.0152669719324505e-02
9.9214536894472367e+00	4.0772521065769195e-02
9.9703400241206026e+00	4.1356933828282101e-02
1.0018710496984925e+01	4.1960009011681842e-02
1.0070724294472361e+01	4.2637778199074168e-02
1.0122948498492462e+01	4.3350783451970569e-02
1.0170464791457286e+01	4.4029660492188864e-02
1.0220924983919598e+01	4.4784134394689395e-02
1.0270169200000002e+01	4.5555943825907420e-02
1.0323550449748744e+01	4.6435019396557579e-02
1.0369740072361809e+01	4.7233774219231729e-02
1.0422790533165831e+01	4.8198002131600214e-02
1.0472660755276383e+01	4.9153428941358310e-02
1.0522049285427137e+01	5.0150012041731903e-02
1.0571477104522614e+01	5.1201423265154346e-02
1.0621890351256281e+01	5.2333849120295158e-02
1.0675327548241206e+01	5.3605882222698971e-02
1.0724324225125628e+01	5.4842501613249710e-02
1.0772690236683417e+01	5.6134759951106880e-02
1.0824392707035177e+01	5.7601550660243278e-02
1.0875982625628140e+01	5.9160990763249155e-02
1.0922287641206029e+01	6.0649586374033566e-02
1.0977139271356783e+01	6.2532079847878300e-02
1.1023036571859297e+01	6.4215811592255742e-02
1.1076718620100502e+01	6.6323207284096797e-02
1.1127952934673367e+01	6.8487285592835900e-02
1.1173699074874371e+01	7.0558508824858895e-02
1.1225145393969850e+01	7.3060508534903021e-02
1.1276932732663317e+01	7.5783129455995177e-02
1.1328473935175879e+01	7.8718609622284150e-02
1.1376259227638190e+01	8.1663425257110234e-02
1.1425738130150755e+01	8.4963513731681650e-02
1.1476909281909547e+01	8.8674042361224961e-02
1.1527916327135678e+01	9.2706768561022099e-02
1.1580383342713567e+01	9.7240846731272756e-02
1.1626596318592965e+01	1.0159111113040881e-01
1.1678621183919599e+01	1.0692518031761819e-01
1.1730859668341708e+01	1.1278332508137040e-01
1.1781201127638191e+01	1.1893329944493594e-01
1.1826915995477387e+01	1.2495806314618994e-01
1.1881275394974875e+01	1.3265265368526341e-01
1.1927324936683416e+01	1.3957278618746510e-01
1.1980891501005026e+01	1.4795588652891525e-01
1.2028306986934673e+01	1.5547724261512005e-01
1.2080329289949749e+01	1.6349098868466089e-01
1.2129866824623114e+01	1.7042786117825970e-01
1.2181554045226131e+01	1.7633058470584648e-01
1.2229019048743719e+01	1.7998093826835837e-01
1.2241818403391960e+01	1.8061157164491334e-01
1.2254617758040201e+01	1.8107790737065788e-01
1.2261017435364321e+01	1.8124769991006748e-01
1.2267417112688442e+01	1.8137446633376172e-01
1.2273816790012564e+01	1.8145773421387343e-01
1.2280216467336684e+01	1.8149712246304836e-01
1.2286863933479900e+01	1.8149126774968333e-01
1.2293511399623117e+01	1.8143754809602491e-01
1.2300158865766333e+01	1.8133586439204066e-01
1.2306806331909549e+01	1.8118623173629114e-01
1.2320101264195980e+01	1.8074375145059801e-01
1.2333396196482411e+01	1.8011250093915976e-01
1.2356542751758795e+01	1.7857636099109431e-01
1.2379689307035177e+01	1.7651507779425310e-01
1.2429687134673367e+01	1.7050278766582336e-01
1.2481339782914572e+01	1.6258509793647005e-01
1.2531871822110553e+01	1.5382989854104012e-01
1.2580764168341709e+01	1.4496204020464265e-01
1.2635050782914574e+01	1.3515040866914696e-01
1.2683829720603015e+01	1.2665750297612571e-01
1.2735911648241206e+01	1.1810935300226791e-01
1.2783105615577890e+01	1.1090163720711936e-01
1.2834701087437185e+01	1.0363135399414324e-01
1.2883248405527638e+01	9.7360958480665880e-02
1.2933994341206031e+01	9.1365977286478495e-02
1.2983607768844221e+01	8.6016837688033421e-02
1.3035548429648241e+01	8.0911362251988583e-02
1.3085573459296484e+01	7.6426607088808080e-02
1.3136731277386934e+01	7.2234553297733414e-02
1.3187465482914574e+01	6.8430266142205820e-02
1.3234084948743718e+01	6.5212808604409436e-02
1.3287516117587939e+01	6.1819068807138000e-02
1.3335305591959800e+01	5.9022680037201077e-02
1.3386259139195980e+01	5.6264198002417179e-02
1.3435028185427136e+01	5.3818397131226485e-02
1.3489179943718593e+01	5.1303054690842759e-02
1.3536071387437186e+01	4.9278926291703350e-02
1.3589293595477386e+01	4.7137887953736753e-02
1.3637799860301508e+01	4.5318112741623638e-02
1.3690858090954773e+01	4.3457841969423212e-02
1.3736638370854273e+01	4.1952618086988254e-02
1.3788776765829146e+01	4.0341220889594506e-02
1.3839139881407036e+01	3.8880018757491260e-02
1.3889470095979899e+01	3.7505471673205316e-02
1.3939615154773868e+01	3.6214252697000821e-02
1.3987788857788946e+01	3.5041602315113461e-02
1.4039865906532665e+01	3.3842878955859079e-02
1.4089499110050252e+01	3.2762028235780373e-02
1.4141735719597991e+01	3.1684501566499233e-02
1.4189022430150754e+01	3.0758328717781978e-02
1.4241283097487438e+01	2.9785264793205871e-02
1.4291339710050252e+01	2.8899534756430072e-02
1.4341274483417086e+01	2.8057972115095524e-02
1.4393431547738693e+01	2.7220727390411609e-02
1.4441470108040201e+01	2.6484878010611473e-02
1.4490668164824122e+01	2.5764092435041398e-02
1.4544988665326633e+01	2.5004391714067341e-02
1.4594171429145730e+01	2.4347199202966921e-02
1.4644470017587940e+01	2.3703356444743060e-02
1.4695622386432161e+01	2.3076143254745576e-02
1.4742641367336685e+01	2.2522706380056951e-02
1.4792762078391961e+01	2.1955736505522822e-02
1.4842501267336685e+01	2.1415226688327970e-02
1.4895706738693468e+01	2.0860087851723563e-02
1.4942658262311557e+01	2.0388904100390830e-02
1.4996830573869348e+01	1.9865842395509904e-02
1.5045716908542714e+01	1.9411755035306462e-02
1.5094087381407036e+01	1.8978329518239172e-02
1.5146101178894474e+01	1.8528977938690780e-02
1.5198325382914573e+01	1.8094350860604465e-02
1.5245841675879397e+01	1.7712585668293614e-02
1.5296301868341709e+01	1.7320743896719993e-02
1.5345546084422111e+01	1.6951192196654766e-02
1.5398927334170855e+01	1.6564238391199266e-02
1.5445116956783920e+01	1.6240340919649359e-02
1.5498167417587940e+01	1.5880255378679105e-02
1.5548037639698494e+01	1.5552856848211083e-02
1.5597426169849248e+01	1.5238742820384748e-02
1.5646853988944724e+01	1.4934024107318382e-02
1.5697267235678392e+01	1.4632740631932531e-02
1.5750704432663317e+01	1.4323412418023681e-02
1.5799701109547739e+01	1.4048467082021536e-02
1.5848067121105528e+01	1.3784861918069288e-02
1.5899769591457288e+01	1.3511292975236473e-02
1.5951359510050251e+01	1.3246438962492810e-02
1.6000000000000000e+01	1.3003853281025705e-02
