8.2150078517587814e-03	2.3437472536686411e+01
1.6430015703517563e-02	2.3437498861926386e+01
2.4645023555276344e-02	2.3437499944383784e+01
3.2860031407035126e-02	2.3437498409469129e+01
4.9290047110552689e-02	2.3437491308759615e+01
6.5720062814070251e-02	2.3437472464038802e+01
9.8580094221105377e-02	2.3437360579428201e+01
1.3144012562814050e-01	2.3437059371219512e+01
1.9716018844221075e-01	2.3435269523302871e+01
2.6288025125628101e-01	2.3430452354981476e+01
3.2006292650753726e-01	2.3422020264732673e+01
3.7724560175879351e-01	2.3407646550354382e+01
4.3442827701004977e-01	2.3385060297395501e+01
4.9161095226130602e-01	2.3351654199318094e+01
7.4884254773869297e-01	2.2984162471380461e+01
1.0077792412060300e+00	2.2025378831520602e+01
1.2654852537688399e+00	2.0262879028493693e+01
1.3849484849246201e+00	1.9175442286190741e+01
1.5044117160804000e+00	1.7952832097871973e+01
1.6281089723618050e+00	1.6588305642630338e+01
1.7518062286432099e+00	1.5173199947330271e+01
1.8797341080401950e+00	1.3707478913014622e+01
2.0076619874371802e+00	1.2283688757734900e+01
2.1351796005025099e+00	1.0939536110309000e+01
2.2626972135678400e+00	9.6922564486940583e+00
2.3938647525125600e+00	8.5228878994489410e+00
2.5250322914572800e+00	7.4730028176338683e+00
2.7560971708542699e+00	5.9055526574545034e+00
3.0162214974874400e+00	4.5264664288541043e+00
3.2774139195979899e+00	3.4782577390442881e+00
3.5291212160804002e+00	2.7158713822191505e+00
3.7576955552763800e+00	2.1844544120231868e+00
4.0294925527638199e+00	1.7023355079946301e+00
4.2597402613065301e+00	1.3898521771158050e+00
4.5275730829145697e+00	1.1085235480080169e+00
4.7646505125628096e+00	9.1517721605545066e-01
5.0247620276381904e+00	7.4820449613356022e-01
5.2724497010050202e+00	6.2268629008050491e-01
5.5308858040200999e+00	5.1825964872425245e-01
5.7682108216080401e+00	4.4085322108939889e-01
6.0241979145728601e+00	3.7281619898239865e-01
6.2900965603015004e+00	3.1545893056036139e-01
6.5215621130653201e+00	2.7426343947869580e-01
6.7715512512562803e+00	2.3706174608779401e-01
7.0298144924623100e+00	2.0504229469801891e-01
7.2824746884422096e+00	1.7880759340733379e-01
7.5269364195979804e+00	1.5732267545766968e-01
7.7983694924623101e+00	1.3713494003429785e-01
8.0422641809045192e+00	1.2170548591532283e-01
8.3026738190954692e+00	1.0756698320419231e-01
8.5386436557788894e+00	9.6498678942551402e-02
8.7966210150753703e+00	8.5988237798097431e-02
9.0393576055276306e+00	7.7382111387459651e-02
9.2930872839195899e+00	6.9512466873163412e-02
9.5411544221105498e+00	6.2767251533903792e-02
9.8008577261306495e+00	5.6563235111381199e-02
1.0050982874371901e+01	5.1299146887729859e-02
1.0306771964824099e+01	4.6536172829994192e-02
1.0560442992462299e+01	4.2347888831173706e-02
1.0793540321608001e+01	3.8908015826867495e-02
1.1060696165829100e+01	3.5384896991676865e-02
1.1299643537688400e+01	3.2566258570295298e-02
1.1554411273869301e+01	2.9863726575150584e-02
1.1798256505025099e+01	2.7535032574870433e-02
1.2069015296482400e+01	2.5209295575868328e-02
1.2303472515075400e+01	2.3390893580841378e-02
1.2569583555276401e+01	2.1521302528291906e-02
1.2812114879397001e+01	1.9977525251120749e-02
1.3077406032663299e+01	1.8444146244757390e-02
1.3306307432160800e+01	1.7237757662136255e-02
1.3566999407035199e+01	1.5981528350099843e-02
1.3818814984924600e+01	1.4874949548616906e-02
1.4070466057788900e+01	1.3863174987357315e-02
1.4321191351758801e+01	1.2939274396118415e-02
1.4562059866834201e+01	1.2123104646841840e-02
1.4822445110552801e+01	1.1311900577785061e-02
1.5070611128140699e+01	1.0600986439701147e-02
1.5331794175879400e+01	9.9120851182528027e-03
1.5568227728643199e+01	9.3361057965447684e-03
1.5829531065326600e+01	8.7473783628111684e-03
1.6079814128140701e+01	8.2263819891383039e-03
1.6329487994974901e+01	7.7447442444371004e-03
1.6590273316582898e+01	7.2787246864381852e-03
1.6830466118090399e+01	6.8801317188860421e-03
1.7076456402009999e+01	6.4998030523111087e-03
1.7348058904522599e+01	6.1099051828084356e-03
1.7593972723618101e+01	5.7818048512654303e-03
1.7845465665829099e+01	5.4687276648843035e-03
1.8101227510050201e+01	5.1717726906046028e-03
1.8336322414572901e+01	4.9163946794039248e-03
1.8586925969849201e+01	4.6612897704748956e-03
1.8835621914572901e+01	4.4242801636777190e-03
1.9101649271356798e+01	4.1871920855635269e-03
1.9336406889447201e+01	3.9910308831409896e-03
1.9607268447236201e+01	3.7787601703603048e-03
1.9851700120602999e+01	3.5991893234105852e-03
2.0093552484924601e+01	3.4318920387701696e-03
2.0353621472361802e+01	3.2626974172143817e-03
2.0614742492462302e+01	3.1031804046500653e-03
2.0852323957286401e+01	2.9664302679653061e-03
2.1104624919597999e+01	2.8293545766068834e-03
2.1350846000000001e+01	2.7031332730315023e-03
2.1617752248743699e+01	2.5741565263415855e-03
2.1848700361809001e+01	2.4687103348947290e-03
2.2113952665829100e+01	2.3541762113565385e-03
2.2363303776381901e+01	2.2525040262110912e-03
2.2610246427135699e+01	2.1571669186285477e-03
2.2857385522613001e+01	2.0667511267574070e-03
2.3109451756281398e+01	1.9793600139189774e-03
2.3376637741206000e+01	1.8917109844585624e-03
2.3621621125628099e+01	1.8155701324971570e-03
2.3863451183417101e+01	1.7441301279142844e-03
2.4121963535175901e+01	1.6716047546168208e-03
2.4379913128140700e+01	1.6029562798298652e-03
2.4611438206030101e+01	1.5443170020045343e-03
2.4885696356783900e+01	1.4782811038005878e-03
2.5115182859296500e+01	1.4257184299675239e-03
2.5383593100502502e+01	1.3671697606446875e-03
2.5639764673366798e+01	1.3140678840826811e-03
2.5868495374371800e+01	1.2688164746566218e-03
2.6125726969849200e+01	1.2202288148134520e-03
2.6384663663316601e+01	1.1736454617273357e-03
2.6642369675879401e+01	1.1294699882553817e-03
2.6881296138190901e+01	1.0903556515988429e-03
2.7128690650753700e+01	1.0516229131506448e-03
2.7384546409547699e+01	1.0133575785451485e-03
2.7639581635678400e+01	9.7693153744457398e-04
2.7901916713567800e+01	9.4115445384647780e-04
2.8132981592964800e+01	9.1098918820759368e-04
2.8393105919598000e+01	8.7846196477326028e-04
2.8654298341708500e+01	8.4724885223108832e-04
2.8906005638190901e+01	8.1847023323187757e-04
2.9134579977386899e+01	7.9338783502507079e-04
2.9406376974874401e+01	7.6479989170254192e-04
2.9636624683417100e+01	7.4158332178675369e-04
2.9904457505025100e+01	7.1567428112445186e-04
3.0141534934673299e+01	6.9367814791832351e-04
3.0401646449748700e+01	6.7050825867812319e-04
3.0649334123115601e+01	6.4933748617798149e-04
3.0907770226130602e+01	6.2813116220093159e-04
3.1145095243718600e+01	6.0941448371895949e-04
3.1401082336683402e+01	5.9000085019841485e-04
3.1666980982411999e+01	5.7064710309018263e-04
3.1898446535175900e+01	5.5444179036266586e-04
3.2148435673366798e+01	5.3758047114844953e-04
3.2406698914572800e+01	5.2082880253080796e-04
3.2659359110552700e+01	5.0506731181985108e-04
3.2903820841708502e+01	4.9038078845733144e-04
3.3175253914572799e+01	4.7469381690241831e-04
3.3419148603015103e+01	4.6113002507589847e-04
3.3679558241206003e+01	4.4717825173738556e-04
3.3915528077889398e+01	4.3498878081966964e-04
3.4173505437185902e+01	4.2213389734235948e-04
3.4416242027638198e+01	4.1046925628145136e-04
3.4669971706030097e+01	3.9870380885066953e-04
3.4918038844221101e+01	3.8760570042356682e-04
3.5177742148241201e+01	3.7639762549134329e-04
3.5427867296482397e+01	3.6598334961079182e-04
3.5683656386934601e+01	3.5570307862936069e-04
3.5937327414572799e+01	3.4586197347964801e-04
3.6170424743718598e+01	3.3711734333110975e-04
3.6437580587939699e+01	3.2743214244790748e-04
3.6676527959799003e+01	3.1906258735124474e-04
3.6931295695979898e+01	3.1043134028124888e-04
3.7175140927135701e+01	3.0244181727017398e-04
3.7445899718592898e+01	2.9386927753868945e-04
3.7680356937185898e+01	2.8669019819762854e-04
3.7946467977386902e+01	2.7880545135211510e-04
3.8188999301507501e+01	2.7185413210504357e-04
3.8454290454773798e+01	2.6449674639672256e-04
3.8683191854271300e+01	2.5834761697434593e-04
3.8943883829145697e+01	2.5156051595384325e-04
3.9195699407035100e+01	2.4521484969608937e-04
3.9447350479899498e+01	2.3907196840518681e-04
3.9698075773869299e+01	2.3314179864701923e-04
3.9938944288944697e+01	2.2761694820263599e-04
4.0199329532663299e+01	2.2182726103671841e-04
4.0447495550251197e+01	2.1647961516313950e-04
4.0708678597989902e+01	2.1102436315919226e-04
4.0945112150753701e+01	2.0623347875994844e-04
4.1206415487437198e+01	2.0109573652245797e-04
4.1456698550251197e+01	1.9632383495528244e-04
4.1706372417085397e+01	1.9170374655187990e-04
4.1967157738693402e+01	1.8702223355548201e-04
4.2207350540200999e+01	1.8283616721994405e-04
4.2453340824120602e+01	1.7866974746271093e-04
4.2724943326633102e+01	1.7420643798393205e-04
4.2970857145728601e+01	1.7028489205022921e-04
4.3222350087939702e+01	1.6638783870010488e-04
4.3478111932160800e+01	1.6253829928611772e-04
4.3713206836683398e+01	1.5909754697021191e-04
4.3963810391959797e+01	1.5552947160372860e-04
4.4212506336683397e+01	1.5208689994529879e-04
4.4478533693467298e+01	1.4850919415480089e-04
4.4713291311557803e+01	1.4543901283806996e-04
4.4984152869346701e+01	1.4199457716970761e-04
4.5228584542713499e+01	1.3897335301604841e-04
4.5470436907035101e+01	1.3606268528797697e-04
4.5730505894472302e+01	1.3301729929718437e-04
4.5991626914572798e+01	1.3004483326451734e-04
4.6229208379397001e+01	1.2741214003377798e-04
4.6481509341708502e+01	1.2468886464457786e-04
4.6727730422110497e+01	1.2210100790780926e-04
4.6994636670854199e+01	1.1937112054697382e-04
4.7225584783919601e+01	1.1707032557579670e-04
4.7490837087939703e+01	1.1449574812448758e-04
4.7740188198492397e+01	1.1213973602716903e-04
4.7987130849246199e+01	1.0986590538328587e-04
4.8234269944723600e+01	1.0764767508978898e-04
4.8486336178391902e+01	1.0544258779524002e-04
4.8753522163316497e+01	1.0316652380052618e-04
4.8998505547738702e+01	1.0113332432492147e-04
4.9240335605527598e+01	9.9175185089447863e-05
4.9498847957286401e+01	9.7134087210505035e-05
4.9756797550251200e+01	9.5149503174938652e-05
5.0000000000000000e+01	9.3324590769286900e-05
