8.2150078517587814e-03	3.3519068707642186e+05
1.6430015703517563e-02	2.1798407423717697e+05
2.4645023555276344e-02	1.1650649109904194e+05
3.2860031407035126e-02	6.8142694689676369e+04
4.1075039258793911e-02	4.4103191926659390e+04
4.9290047110552689e-02	3.0752759696430956e+04
5.7505054962311467e-02	2.2633751700681849e+04
6.5720062814070251e-02	1.7343846025913153e+04
7.3935070665829036e-02	1.3710048402995151e+04
8.2150078517587821e-02	1.1108043470627750e+04
9.0365086369346592e-02	9.1816531252944405e+03
9.8580094221105377e-02	7.7159114950307967e+03
1.0679510207286416e-01	6.5749371372174437e+03
1.1501010992462293e-01	5.6694590557573583e+03
1.2322511777638172e-01	4.9388822530278339e+03
1.3144012562814050e-01	4.3409104333804689e+03
1.3965513347989927e-01	3.8452970485212031e+03
1.4787014133165807e-01	3.4299502388289279e+03
1.5608514918341687e-01	3.0784307673016287e+03
1.6430015703517564e-01	2.7783016027393301e+03
1.7251516488693441e-01	2.5200133797213343e+03
1.8073017273869318e-01	2.2961357801255399e+03
1.8894518059045196e-01	2.1008173868330869e+03
1.9716018844221075e-01	1.9293995798781023e+03
2.0537519629396955e-01	1.7781362473549273e+03
2.1359020414572832e-01	1.6439874251108911e+03
2.2180521199748710e-01	1.5244653944661752e+03
2.3002021984924587e-01	1.4175185344515010e+03
2.3823522770100464e-01	1.3214427041148640e+03
2.4645023555276344e-01	1.2348129425694915e+03
2.5466524340452223e-01	1.1564303326367908e+03
2.6288025125628101e-01	1.0852802994232732e+03
2.7002808566268804e-01	1.0285821296273073e+03
2.7717592006909508e-01	9.7621333670939907e+02
2.8432375447550212e-01	9.2774409092665496e+02
2.9147158888190916e-01	8.8279660987992850e+02
3.0576725769472324e-01	8.0217294179900887e+02
3.2006292650753726e-01	7.3210860809831377e+02
3.3435859532035128e-01	6.7083693894780413e+02
3.4865426413316536e-01	6.1694585016926999e+02
3.6294993294597944e-01	5.6929574793367306e+02
3.7724560175879351e-01	5.2695878186173434e+02
4.0583693938442167e-01	4.5530950144082209e+02
4.3442827701004977e-01	3.9733324594328218e+02
4.6301961463567787e-01	3.4975938276230249e+02
4.9161095226130602e-01	3.1023974750507045e+02
5.5591885113065276e-01	2.4256904831764419e+02
6.2022674999999949e-01	1.9482322461215574e+02
6.8453464886934623e-01	1.5987920877883724e+02
7.4884254773869297e-01	1.3353388306264713e+02
8.7831089447236144e-01	9.6929267690319719e+01
1.0077792412060300e+00	7.3461286526197270e+01
1.2654852537688399e+00	4.6230480267768812e+01
1.5044117160804000e+00	3.2302707372420052e+01
1.7518062286432099e+00	2.3340718300944214e+01
2.0076619874371802e+00	1.7230200894114269e+01
2.2626972135678400e+00	1.3008485048764122e+01
2.5250322914572800e+00	9.8865539698131908e+00
2.7560971708542699e+00	7.8307878130595823e+00
3.0162214974874400e+00	6.0685881470998027e+00
3.2774139195979899e+00	4.7317031071737476e+00
3.5291212160804002e+00	3.7479725479038604e+00
3.7576955552763800e+00	3.0512041703253172e+00
4.0294925527638199e+00	2.4078270687101213e+00
4.2597402613065301e+00	1.9836427825155758e+00
4.5275730829145697e+00	1.5960174634327038e+00
4.7646505125628096e+00	1.3260684704543286e+00
5.0247620276381904e+00	1.0903841573005051e+00
5.2724497010050202e+00	9.1153813629261771e-01
5.5308858040200999e+00	7.6158440954048356e-01
5.7682108216080401e+00	6.4972025642472786e-01
6.0241979145728601e+00	5.5087854411114745e-01
6.2900965603015004e+00	4.6716463468770525e-01
6.5215621130653201e+00	4.0681522554948407e-01
6.7715512512562803e+00	3.5215257801876504e-01
7.0298144924623100e+00	3.0497793785500449e-01
7.2824746884422096e+00	2.6623758025526739e-01
7.5269364195979804e+00	2.3445113417849256e-01
7.7983694924623101e+00	2.0453411758636261e-01
8.0422641809045192e+00	1.8163584503014810e-01
8.3026738190954692e+00	1.6062833998373724e-01
8.5386436557788894e+00	1.4416581012902474e-01
8.7966210150753703e+00	1.2851926457251611e-01
9.0393576055276306e+00	1.1569758635690668e-01
9.2930872839195899e+00	1.0396521226929671e-01
9.5411544221105498e+00	9.3903131810908091e-02
9.8008577261306495e+00	8.4643432321586304e-02
1.0050982874371901e+01	7.6782880855235894e-02
1.0306771964824099e+01	6.9667658768719595e-02
1.0560442992462299e+01	6.3408619356359941e-02
1.0793540321608001e+01	5.8266387383609862e-02
1.1060696165829100e+01	5.2998185422223107e-02
1.1299643537688400e+01	4.8782295344965948e-02
1.1554411273869301e+01	4.4739136398715171e-02
1.1798256505025099e+01	4.1254530432614109e-02
1.2069015296482400e+01	3.7773671774921448e-02
1.2303472515075400e+01	3.5051653566434346e-02
1.2569583555276401e+01	3.2252576490953228e-02
1.2812114879397001e+01	2.9940963936576252e-02
1.3077406032663299e+01	2.7644624949162921e-02
1.3306307432160800e+01	2.5837768387013522e-02
1.3566999407035199e+01	2.3956068623104562e-02
1.3818814984924600e+01	2.2298364917683923e-02
1.4070466057788900e+01	2.0782547017416424e-02
1.4321191351758801e+01	1.9398267108454773e-02
1.4562059866834201e+01	1.8175310635748312e-02
1.4822445110552801e+01	1.6959711409295888e-02
1.5070611128140699e+01	1.5894329492817449e-02
1.5331794175879400e+01	1.4861875199331718e-02
1.5568227728643199e+01	1.3998610676094602e-02
1.5829531065326600e+01	1.3116196183494163e-02
1.6079814128140701e+01	1.2335263830275993e-02
1.6329487994974901e+01	1.1613296363250036e-02
1.6590273316582898e+01	1.0914712332866765e-02
1.6830466118090399e+01	1.0317181914825635e-02
1.7076456402009999e+01	9.7470127132953856e-03
1.7348058904522599e+01	9.1624788070854626e-03
1.7593972723618101e+01	8.6705766684665574e-03
1.7845465665829099e+01	8.2011851361129418e-03
1.8101227510050201e+01	7.7559538743498064e-03
1.8336322414572901e+01	7.3730509304771475e-03
1.8586925969849201e+01	6.9905491934423147e-03
1.8835621914572901e+01	6.6351719609628410e-03
1.9101649271356798e+01	6.2796699245601141e-03
1.9336406889447201e+01	5.9855303453157996e-03
1.9607268447236201e+01	5.6672293842193284e-03
1.9851700120602999e+01	5.3979575563339330e-03
2.0093552484924601e+01	5.1470866099332163e-03
2.0353621472361802e+01	4.8933668872875105e-03
2.0614742492462302e+01	4.6541561121229849e-03
2.0852323957286401e+01	4.4490838324775942e-03
2.1104624919597999e+01	4.2435209581966988e-03
2.1350846000000001e+01	4.0542335386212665e-03
2.1617752248743699e+01	3.8608118313786933e-03
2.1848700361809001e+01	3.7026764630194091e-03
2.2113952665829100e+01	3.5309105155546055e-03
2.2363303776381901e+01	3.3784321186764825e-03
2.2610246427135699e+01	3.2354532800574838e-03
2.2857385522613001e+01	3.0998539606114247e-03
2.3109451756281398e+01	2.9687898546273436e-03
2.3376637741206000e+01	2.8373379628255464e-03
2.3621621125628099e+01	2.7231446997033758e-03
2.3863451183417101e+01	2.6160009235659822e-03
2.4121963535175901e+01	2.5072286755136535e-03
2.4379913128140700e+01	2.4042703122829135e-03
2.4611438206030101e+01	2.3163231765782398e-03
2.4885696356783900e+01	2.2172820714851547e-03
2.5115182859296500e+01	2.1384478057310872e-03
2.5383593100502502e+01	2.0506352417437503e-03
2.5639764673366798e+01	1.9709915176066260e-03
2.5868495374371800e+01	1.9031218664045139e-03
2.6125726969849200e+01	1.8302480990185417e-03
2.6384663663316601e+01	1.7603801904490337e-03
2.6642369675879401e+01	1.6941234774833622e-03
2.6881296138190901e+01	1.6354575175457540e-03
2.7128690650753700e+01	1.5773637084726623e-03
2.7384546409547699e+01	1.5199707532543010e-03
2.7639581635678400e+01	1.4653363221306165e-03
2.7901916713567800e+01	1.4116750799420404e-03
2.8132981592964800e+01	1.3664307502373057e-03
2.8393105919598000e+01	1.3176436331478485e-03
2.8654298341708500e+01	1.2708274052217361e-03
2.8906005638190901e+01	1.2276625390522250e-03
2.9134579977386899e+01	1.1900415245347962e-03
2.9406376974874401e+01	1.1471624553882353e-03
2.9636624683417100e+01	1.1123398348803887e-03
2.9904457505025100e+01	1.0734786861312205e-03
3.0141534934673299e+01	1.0404864669928912e-03
3.0401646449748700e+01	1.0057336526900290e-03
3.0649334123115601e+01	9.7397927931930155e-04
3.0907770226130602e+01	9.4217152435763230e-04
3.1145095243718600e+01	9.1409798670938553e-04
3.1401082336683402e+01	8.8497902435314497e-04
3.1666980982411999e+01	8.5594983911830018e-04
3.1898446535175900e+01	8.3164303514624634e-04
3.2148435673366798e+01	8.0635223300653213e-04
3.2406698914572800e+01	7.8122586315267865e-04
3.2659359110552700e+01	7.5758466045807403e-04
3.2903820841708502e+01	7.3555580975005871e-04
3.3175253914572799e+01	7.1202631997088425e-04
3.3419148603015103e+01	6.9168144348979120e-04
3.3679558241206003e+01	6.7075459342727842e-04
3.3915528077889398e+01	6.5247107433619883e-04
3.4173505437185902e+01	6.3318945336055324e-04
3.4416242027638198e+01	6.1569311253441316e-04
3.4669971706030097e+01	5.9804554990947295e-04
3.4918038844221101e+01	5.8139894506584351e-04
3.5177742148241201e+01	5.6458738002077230e-04
3.5427867296482397e+01	5.4896646040245305e-04
3.5683656386934601e+01	5.3354652818265904e-04
3.5937327414572799e+01	5.1878531180029317e-04
3.6170424743718598e+01	5.0566874836297264e-04
3.6437580587939699e+01	4.9114135848447957e-04
3.6676527959799003e+01	4.7858737174008863e-04
3.6931295695979898e+01	4.6564084847563477e-04
3.7175140927135701e+01	4.5365687699063000e-04
3.7445899718592898e+01	4.4079839419603297e-04
3.7680356937185898e+01	4.3003004164000424e-04
3.7946467977386902e+01	4.1820320642912794e-04
3.8188999301507501e+01	4.0777647227976710e-04
3.8454290454773798e+01	3.9674064600701169e-04
3.8683191854271300e+01	3.8751715742400302e-04
3.8943883829145697e+01	3.7733672715900839e-04
3.9195699407035100e+01	3.6781842932142743e-04
3.9447350479899498e+01	3.5860429759078415e-04
3.9698075773869299e+01	3.4970922199751913e-04
3.9938944288944697e+01	3.4142210909296044e-04
4.0199329532663299e+01	3.3273774472166373e-04
4.0447495550251197e+01	3.2471642577959741e-04
4.0708678597989902e+01	3.1653369689120384e-04
4.0945112150753701e+01	3.0934749811226684e-04
4.1206415487437198e+01	3.0164101856979968e-04
4.1456698550251197e+01	2.9448328748202241e-04
4.1706372417085397e+01	2.8755326950864220e-04
4.1967157738693402e+01	2.8053111338653485e-04
4.2207350540200999e+01	2.7425211288482508e-04
4.2453340824120602e+01	2.6800257956157022e-04
4.2724943326633102e+01	2.6130771605702808e-04
4.2970857145728601e+01	2.5542548354352270e-04
4.3222350087939702e+01	2.4957998741819727e-04
4.3478111932160800e+01	2.4380575926794058e-04
4.3713206836683398e+01	2.3864470156298269e-04
4.3963810391959797e+01	2.3329266030231422e-04
4.4212506336683397e+01	2.2812887053581601e-04
4.4478533693467298e+01	2.2276238062394864e-04
4.4713291311557803e+01	2.1815716636189154e-04
4.4984152869346701e+01	2.1299057617312275e-04
4.5228584542713499e+01	2.0845879422838156e-04
4.5470436907035101e+01	2.0409284383175378e-04
4.5730505894472302e+01	1.9952481725101084e-04
4.5991626914572798e+01	1.9506616820906626e-04
4.6229208379397001e+01	1.9111717171046541e-04
4.6481509341708502e+01	1.8703230253312462e-04
4.6727730422110497e+01	1.8315055827240813e-04
4.6994636670854199e+01	1.7905576938917231e-04
4.7225584783919601e+01	1.7560461172388834e-04
4.7490837087939703e+01	1.7174278367590462e-04
4.7740188198492397e+01	1.6820879967929510e-04
4.7987130849246199e+01	1.6479808599857357e-04
4.8234269944723600e+01	1.6147077141689904e-04
4.8486336178391902e+01	1.5816317052718212e-04
4.8753522163316497e+01	1.5474910490240288e-04
4.8998505547738702e+01	1.5169933225578453e-04
4.9240335605527598e+01	1.4876214848886946e-04
4.9498847957286401e+01	1.4570052729763223e-04
4.9756797550251200e+01	1.4272367565106020e-04
5.0000000000000000e+01	1.3998632904117539e-04
