8.2150078517587814e-03	2.3425822811322316e+04
1.6430015703517563e-02	2.3252167214325065e+04
2.4645023555276344e-02	2.2542059874798440e+04
3.2860031407035126e-02	2.0912372167742516e+04
4.1075039258793911e-02	1.8384835990852789e+04
4.9290047110552689e-02	1.5466387336736168e+04
5.7505054962311467e-02	1.2707565615573898e+04
6.5720062814070251e-02	1.0381130141779431e+04
7.3935070665829036e-02	8.5224717636776077e+03
8.2150078517587821e-02	7.0657154421085006e+03
9.0365086369346592e-02	5.9254104514850560e+03
9.8580094221105377e-02	5.0264303074305381e+03
1.0679510207286416e-01	4.3101169247231301e+03
1.1501010992462293e-01	3.7326020657967497e+03
1.2322511777638172e-01	3.2615003041109394e+03
1.3144012562814050e-01	2.8728879000873408e+03
1.3965513347989927e-01	2.5489676425470557e+03
1.4787014133165807e-01	2.2763681586333023e+03
1.5608514918341687e-01	2.0449316604717083e+03
1.6430015703517564e-01	1.8468539824709071e+03
1.7251516488693441e-01	1.6760725067087067e+03
1.8073017273869318e-01	1.5278272974728854e+03
1.8894518059045196e-01	1.3983434672785258e+03
1.9716018844221075e-01	1.2845989203814265e+03
2.0537519629396955e-01	1.1841527341188671e+03
2.1359020414572832e-01	1.0950170217721445e+03
2.2180521199748710e-01	1.0155602897447466e+03
2.3002021984924587e-01	9.4443383715753509e+02
2.3823522770100464e-01	8.8051518274872888e+02
2.4645023555276344e-01	8.2286419550712003e+02
2.5466524340452223e-01	7.7068879166763554e+02
2.6288025125628101e-01	7.2331789949237657e+02
2.7002808566268804e-01	6.8556257751217424e+02
2.7717592006909508e-01	6.5068548324289691e+02
2.8432375447550212e-01	6.1840162671383257e+02
2.9147158888190916e-01	5.8846038745939666e+02
3.0576725769472324e-01	5.3474681724582638e+02
3.2006292650753726e-01	4.8806133956280956e+02
3.3435859532035128e-01	4.4722988094882317e+02
3.4865426413316536e-01	4.1131349717751226e+02
3.6294993294597944e-01	3.7955409742909677e+02
3.7724560175879351e-01	3.5133422787501246e+02
4.0583693938442167e-01	3.0357273718098412e+02
4.3442827701004977e-01	2.6492293099879856e+02
4.6301961463567787e-01	2.3320625500117316e+02
4.9161095226130602e-01	2.0685822159745712e+02
5.5591885113065276e-01	1.6173991473313805e+02
6.2022674999999949e-01	1.2990508208581522e+02
6.8453464886934623e-01	1.0660547273720726e+02
7.4884254773869297e-01	8.9038995635076105e+01
8.7831089447236144e-01	6.4631604275433688e+01
1.0077792412060300e+00	4.8983392812416554e+01
1.2654852537688399e+00	3.0826061555895045e+01
1.5044117160804000e+00	2.1539058953666128e+01
1.7518062286432099e+00	1.5563200896568341e+01
2.0076619874371802e+00	1.1488690418813068e+01
2.2626972135678400e+00	8.6736356485458845e+00
2.5250322914572800e+00	6.5919293278729620e+00
2.7560971708542699e+00	5.2211552127466412e+00
3.0162214974874400e+00	4.0461459056769584e+00
3.2774139195979899e+00	3.1547464701491252e+00
3.5291212160804002e+00	2.4988338406633979e+00
3.7576955552763800e+00	2.0342646685613932e+00
4.0294925527638199e+00	1.6053015135845470e+00
4.2597402613065301e+00	1.3224867609079254e+00
4.5275730829145697e+00	1.0640503140789135e+00
4.7646505125628096e+00	8.8407282128423503e-01
5.0247620276381904e+00	7.2694143254429955e-01
5.2724497010050202e+00	6.0770528751239627e-01
5.5308858040200999e+00	5.0773224377980741e-01
5.7682108216080401e+00	4.3315365990245308e-01
6.0241979145728601e+00	3.6725729978161392e-01
6.2900965603015004e+00	3.1144666046473174e-01
6.5215621130653201e+00	2.7121286924542781e-01
6.7715512512562803e+00	2.3477043033532954e-01
7.0298144924623100e+00	2.0332016408172968e-01
7.2824746884422096e+00	1.7749289612000255e-01
7.5269364195979804e+00	1.5630167012843035e-01
7.7983694924623101e+00	1.3635677555554704e-01
8.0422641809045192e+00	1.2109111410821032e-01
8.3026738190954692e+00	1.0708599141623251e-01
8.5386436557788894e+00	9.6110888069390943e-02
8.7966210150753703e+00	8.5679786619398179e-02
9.0393576055276306e+00	7.7131948892751948e-02
9.2930872839195899e+00	6.9310323102784011e-02
9.5411544221105498e+00	6.2602236151144047e-02
9.8008577261306495e+00	5.6429075462732251e-02
1.0050982874371901e+01	5.1188686539042058e-02
1.0306771964824099e+01	4.6445187656054383e-02
1.0560442992462299e+01	4.2272480719838995e-02
1.0793540321608001e+01	3.8844315550403477e-02
1.1060696165829100e+01	3.5332171045584747e-02
1.1299643537688400e+01	3.2521570434829332e-02
1.1554411273869301e+01	2.9826124765704315e-02
1.1798256505025099e+01	2.7503049069189912e-02
1.2069015296482400e+01	2.5182471989831198e-02
1.2303472515075400e+01	2.3367789838068639e-02
1.2569583555276401e+01	2.1501735272880438e-02
1.2812114879397001e+01	1.9960657807536395e-02
1.3077406032663299e+01	1.8429762914024494e-02
1.3306307432160800e+01	1.7225190238475532e-02
1.3566999407035199e+01	1.5970722144179675e-02
1.3818814984924600e+01	1.4865585042999424e-02
1.4070466057788900e+01	1.3855038670680327e-02
1.4321191351758801e+01	1.2932184456154489e-02
1.4562059866834201e+01	1.2116879362663827e-02
1.4822445110552801e+01	1.1306479154698972e-02
1.5070611128140699e+01	1.0596223950490211e-02
1.5331794175879400e+01	9.9079205498482838e-03
1.5568227728643199e+01	9.3324104452294099e-03
1.5829531065326600e+01	8.7441337110258071e-03
1.6079814128140701e+01	8.2235118050366530e-03
1.6329487994974901e+01	7.7421998669816089e-03
1.6590273316582898e+01	7.2764769129757814e-03
1.6830466118090399e+01	6.8781230856034053e-03
1.7076456402009999e+01	6.4980100903671307e-03
1.7348058904522599e+01	6.1083206318779141e-03
1.7593972723618101e+01	5.7803857238246806e-03
1.7845465665829099e+01	5.4674579010751245e-03
1.8101227510050201e+01	5.1706369392085661e-03
1.8336322414572901e+01	4.9153682115380187e-03
1.8586925969849201e+01	4.6603669601580121e-03
1.8835621914572901e+01	4.4234487228805618e-03
1.9101649271356798e+01	4.1864472872438080e-03
1.9336406889447201e+01	3.9903541730894184e-03
1.9607268447236201e+01	3.7781534693028455e-03
1.9851700120602999e+01	3.5986388667205290e-03
2.0093552484924601e+01	3.4313915241372625e-03
2.0353621472361802e+01	3.2622449990525248e-03
2.0614742492462302e+01	3.1027711101006051e-03
2.0852323957286401e+01	2.9660562252513982e-03
2.1104624919597999e+01	2.8290142786690409e-03
2.1350846000000001e+01	2.7028226388993051e-03
2.1617752248743699e+01	2.5738748080250144e-03
2.1848700361809001e+01	2.4684512087687674e-03
2.2113952665829100e+01	2.3539405559839860e-03
2.2363303776381901e+01	2.2522882734709012e-03
2.2610246427135699e+01	2.1569690316318980e-03
2.2857385522613001e+01	2.0665694707140110e-03
2.3109451756281398e+01	1.9791933865203801e-03
2.3376637741206000e+01	1.8915587789947170e-03
2.3621621125628099e+01	1.8154299261045725e-03
2.3863451183417101e+01	1.7440007322746644e-03
2.4121963535175901e+01	1.6714858907527241e-03
2.4379913128140700e+01	1.6028469733228980e-03
2.4611438206030101e+01	1.5442155424511635e-03
2.4885696356783900e+01	1.4781881314104173e-03
2.5115182859296500e+01	1.4256319483939965e-03
2.5383593100502502e+01	1.3670902328050383e-03
2.5639764673366798e+01	1.3139944112591187e-03
2.5868495374371800e+01	1.2687479726465358e-03
2.6125726969849200e+01	1.2201654564223646e-03
2.6384663663316601e+01	1.1735868464366216e-03
2.6642369675879401e+01	1.1294157005610590e-03
2.6881296138190901e+01	1.0903050572755261e-03
2.7128690650753700e+01	1.0515758480475388e-03
2.7384546409547699e+01	1.0133138748738470e-03
2.7639581635678400e+01	9.7689091801297294e-04
2.7901916713567800e+01	9.4111675392389454e-04
2.8132981592964800e+01	9.1095386531273156e-04
2.8393105919598000e+01	8.7842911835549382e-04
2.8654298341708500e+01	8.4721829767346059e-04
2.8906005638190901e+01	8.1844171838963548e-04
2.9134579977386899e+01	7.9336104049493241e-04
2.9406376974874401e+01	7.6477499268963684e-04
2.9636624683417100e+01	7.4155991101038305e-04
2.9904457505025100e+01	7.1565247706351380e-04
3.0141534934673299e+01	6.9365766311615929e-04
3.0401646449748700e+01	6.7048911903578180e-04
3.0649334123115601e+01	6.4931953571734037e-04
3.0907770226130602e+01	6.2811436470423029e-04
3.1145095243718600e+01	6.0939867205063447e-04
3.1401082336683402e+01	5.8998602958699672e-04
3.1666980982411999e+01	5.7063323856912276e-04
3.1898446535175900e+01	5.5442870188863720e-04
3.2148435673366798e+01	5.3756816642277279e-04
3.2406698914572800e+01	5.2081725250698182e-04
3.2659359110552700e+01	5.0505645009051394e-04
3.2903820841708502e+01	4.9037054905786423e-04
3.3175253914572799e+01	4.7468422195784236e-04
3.3419148603015103e+01	4.6112097048365750e-04
3.3679558241206003e+01	4.4716973662264746e-04
3.3915528077889398e+01	4.3498072348286011e-04
3.4173505437185902e+01	4.2212630907652142e-04
3.4416242027638198e+01	4.1046208148660837e-04
3.4669971706030097e+01	3.9869703937150844e-04
3.4918038844221101e+01	3.8759930247438525e-04
3.5177742148241201e+01	3.7639159211590097e-04
3.5427867296482397e+01	3.6597764540714404e-04
3.5683656386934601e+01	3.5569769030937485e-04
3.5937327414572799e+01	3.4585687912297170e-04
3.6170424743718598e+01	3.3711250326900208e-04
3.6437580587939699e+01	3.2742757643645291e-04
3.6676527959799003e+01	3.1905825173263544e-04
3.6931295695979898e+01	3.1042723601457860e-04
3.7175140927135701e+01	3.0243792150340789e-04
3.7445899718592898e+01	2.9386559944424585e-04
3.7680356937185898e+01	2.8668669758034031e-04
3.7946467977386902e+01	2.7880214060204089e-04
3.8188999301507501e+01	2.7185098435562215e-04
3.8454290454773798e+01	2.6449376668906556e-04
3.8683191854271300e+01	2.5834477417705252e-04
3.8943883829145697e+01	2.5155782053428550e-04
3.9195699407035100e+01	2.4521228852162518e-04
3.9447350479899498e+01	2.3906953392039670e-04
3.9698075773869299e+01	2.3313948341745113e-04
3.9938944288944697e+01	2.2761474138341305e-04
4.0199329532663299e+01	2.2182516503604691e-04
4.0447495550251197e+01	2.1647761898474049e-04
4.0708678597989902e+01	2.1102246630299996e-04
4.0945112150753701e+01	2.0623166704034340e-04
4.1206415487437198e+01	2.0109401393173665e-04
4.1456698550251197e+01	1.9632219313378771e-04
4.1706372417085397e+01	1.9170218108274911e-04
4.1967157738693402e+01	1.8702074359998140e-04
4.2207350540200999e+01	1.8283474320610204e-04
4.2453340824120602e+01	1.7866838759947288e-04
4.2724943326633102e+01	1.7420514520267785e-04
4.2970857145728601e+01	1.7028365680850412e-04
4.3222350087939702e+01	1.6638665934127608e-04
4.3478111932160800e+01	1.6253717385918489e-04
4.3713206836683398e+01	1.5909646868008111e-04
4.3963810391959797e+01	1.5552844112989140e-04
4.4212506336683397e+01	1.5208591457825627e-04
4.4478533693467298e+01	1.4850825459574325e-04
4.4713291311557803e+01	1.4543811171974103e-04
4.4984152869346701e+01	1.4199371822257010e-04
4.5228584542713499e+01	1.3897253022683486e-04
4.5470436907035101e+01	1.3606189659836297e-04
4.5730505894472302e+01	1.3301654551308814e-04
4.5991626914572798e+01	1.3004411278845146e-04
4.6229208379397001e+01	1.2741144843003997e-04
4.6481509341708502e+01	1.2468820228546653e-04
4.6727730422110497e+01	1.2210037275381326e-04
4.6994636670854199e+01	1.1937051347302554e-04
4.7225584783919601e+01	1.1706974167529278e-04
4.7490837087939703e+01	1.1449518962042408e-04
4.7740188198492397e+01	1.1213920026885955e-04
4.7987130849246199e+01	1.0986539112900570e-04
4.8234269944723600e+01	1.0764718138937247e-04
4.8486336178391902e+01	1.0544211411152818e-04
4.8753522163316497e+01	1.0316607034345339e-04
4.8998505547738702e+01	1.0113288856309954e-04
4.9240335605527598e+01	9.9174766036769644e-05
4.9498847957286401e+01	9.7133685227233766e-05
4.9756797550251200e+01	9.5149117448206955e-05
5.0000000000000000e+01	9.3324219695083350e-05
