7.1131176401556895e-01	1.0000000000000001e-05
7.1131176401556895e-01	7.8864174851123909e+00
7.1131176401556895e-01	1.4748338469517005e+01
7.1131176401556895e-01	2.2465286282392295e+01
7.1131176401556895e-01	3.0233387034625057e+01
7.1131176401556895e-01	3.7964567359968278e+01
7.1131176401556895e-01	4.5132361181529717e+01
7.1131176401556895e-01	5.2554196508935235e+01
7.1131176401556895e-01	6.0229869221583186e+01
7.1131176401556895e-01	6.7880925954495737e+01
7.1131176401556895e-01	7.5750978238712136e+01
7.1131176401556895e-01	8.2682924574408716e+01
7.1131176401556895e-01	9.0486654321378822e+01
7.1131176401556895e-01	9.8322426932456921e+01
7.1131176401556895e-01	1.0587364577658782e+02
7.1131176401556895e-01	1.1273087590675235e+02
7.1131176401556895e-01	1.2088478577701606e+02
7.1131176401556895e-01	1.2779221698724793e+02
7.1131176401556895e-01	1.3582720158192257e+02
7.1131176401556895e-01	1.4293952442395431e+02
7.1131176401556895e-01	1.5074286982419332e+02
7.1131176401556895e-01	1.5817349997566083e+02
7.1131176401556895e-01	1.6592658301442586e+02
7.1131176401556895e-01	1.7304633349459905e+02
7.1131176401556895e-01	1.8072594623234636e+02
7.1131176401556895e-01	1.8870290555102591e+02
7.1131176401556895e-01	1.9564687208764738e+02
7.1131176401556895e-01	2.0314654618337821e+02
7.1131176401556895e-01	2.1089444336790643e+02
7.1131176401556895e-01	2.1847424919677138e+02
7.1131176401556895e-01	2.2580810108255241e+02
7.1131176401556895e-01	2.3395109321419545e+02
7.1131176401556895e-01	2.4126793381868282e+02
7.1131176401556895e-01	2.4908022291232956e+02
7.1131176401556895e-01	2.5615931796563808e+02
7.1131176401556895e-01	2.6389863869293708e+02
7.1131176401556895e-01	2.7118073635795758e+02
7.1131176401556895e-01	2.7879262665897045e+02
7.1131176401556895e-01	2.8623464075508565e+02
7.1131176401556895e-01	2.9402573982374798e+02
7.1131176401556895e-01	3.0152949422095918e+02
7.1131176401556895e-01	3.0920316688336919e+02
7.1131176401556895e-01	3.1681329766178072e+02
7.1131176401556895e-01	3.2380621748953314e+02
7.1131176401556895e-01	3.3182089276273513e+02
7.1131176401556895e-01	3.3898931387072452e+02
7.1131176401556895e-01	3.4663234590519812e+02
7.1131176401556895e-01	3.5394770279110247e+02
7.1131176401556895e-01	3.6207046648066932e+02
7.1131176401556895e-01	3.6910418299156674e+02
7.1131176401556895e-01	3.7708751414437472e+02
7.1131176401556895e-01	3.8436345381948655e+02
7.1131176401556895e-01	3.9232218836441831e+02
7.1131176401556895e-01	3.9918923030356257e+02
7.1131176401556895e-01	4.0700998949765540e+02
7.1131176401556895e-01	4.1456445678397569e+02
7.1131176401556895e-01	4.2211398891957509e+02
7.1131176401556895e-01	4.2963574768852556e+02
7.1131176401556895e-01	4.3686180309261312e+02
7.1131176401556895e-01	4.4467336035209388e+02
7.1131176401556895e-01	4.5211834083009887e+02
7.1131176401556895e-01	4.5995383221002305e+02
7.1131176401556895e-01	4.6704683874565092e+02
7.1131176401556895e-01	4.7488593879389276e+02
7.1131176401556895e-01	4.8239443062825825e+02
7.1131176401556895e-01	4.8988464658334863e+02
7.1131176401556895e-01	4.9770820617943281e+02
7.1131176401556895e-01	5.0491399017662030e+02
7.1131176401556895e-01	5.1229369864501018e+02
7.1131176401556895e-01	5.2044177366606664e+02
7.1131176401556895e-01	5.2781918818974816e+02
7.1131176401556895e-01	5.3536397640578127e+02
7.1131176401556895e-01	5.4303683168126202e+02
7.1131176401556895e-01	5.5008967876992142e+02
7.1131176401556895e-01	5.5760778537809222e+02
7.1131176401556895e-01	5.6506866367006148e+02
7.1131176401556895e-01	5.7304948432037372e+02
7.1131176401556895e-01	5.8009221281613566e+02
7.1131176401556895e-01	5.8821805949563168e+02
7.1131176401556895e-01	5.9555100964775033e+02
7.1131176401556895e-01	6.0280658052902822e+02
7.1131176401556895e-01	6.1060865010012992e+02
7.1131176401556895e-01	6.1844228065092079e+02
7.1131176401556895e-01	6.2556972454812808e+02
7.1131176401556895e-01	6.3313875336701471e+02
7.1131176401556895e-01	6.4052538572983076e+02
7.1131176401556895e-01	6.4853257313876111e+02
7.1131176401556895e-01	6.5546101648453123e+02
7.1131176401556895e-01	6.6341858555208387e+02
7.1131176401556895e-01	6.7089911881879652e+02
7.1131176401556895e-01	6.7830739829202105e+02
7.1131176401556895e-01	6.8572157110691478e+02
7.1131176401556895e-01	6.9328355806655190e+02
7.1131176401556895e-01	7.0129913756085330e+02
7.1131176401556895e-01	7.0864863904452000e+02
7.1131176401556895e-01	7.1590354072982223e+02
7.1131176401556895e-01	7.2365891123088363e+02
7.1131176401556895e-01	7.3139739896823846e+02
7.1131176401556895e-01	7.3834315125861690e+02
7.1131176401556895e-01	7.4657089572637835e+02
7.1131176401556895e-01	7.5345549075585780e+02
7.1131176401556895e-01	7.6150779793835670e+02
7.1131176401556895e-01	7.6919294507305210e+02
7.1131176401556895e-01	7.7605486605745659e+02
7.1131176401556895e-01	7.8377181387033204e+02
7.1131176401556895e-01	7.9153991462256477e+02
7.1131176401556895e-01	7.9927109494790795e+02
7.1131176401556895e-01	8.0643888876946937e+02
7.1131176401556895e-01	8.1386072409687495e+02
7.1131176401556895e-01	8.2153639680952278e+02
7.1131176401556895e-01	8.2918745354243538e+02
7.1131176401556895e-01	8.3705750582665178e+02
7.1131176401556895e-01	8.4398945216234836e+02
7.1131176401556895e-01	8.5179318190931849e+02
7.1131176401556895e-01	8.5962895452039663e+02
7.1131176401556895e-01	8.6718017336452749e+02
7.1131176401556895e-01	8.7403740349469194e+02
7.1131176401556895e-01	8.8219131336495570e+02
7.1131176401556895e-01	8.8909874457518754e+02
7.1131176401556895e-01	8.9713372916986225e+02
7.1131176401556895e-01	9.0424605201189399e+02
7.1131176401556895e-01	9.1204939741213298e+02
7.1131176401556895e-01	9.1948002756360052e+02
7.1131176401556895e-01	9.2723311060236551e+02
7.1131176401556895e-01	9.3435286108253877e+02
7.1131176401556895e-01	9.4203247382028610e+02
7.1131176401556895e-01	9.5000943313896562e+02
7.1131176401556895e-01	9.5695339967558709e+02
7.1131176401556895e-01	9.6445307377131780e+02
7.1131176401556895e-01	9.7220097095584606e+02
7.1131176401556895e-01	9.7978077678471118e+02
7.1131176401556895e-01	9.8711462867049204e+02
7.1131176401556895e-01	9.9525762080213519e+02
7.1131176401556895e-01	1.0025744614066225e+03
7.1131176401556895e-01	1.0103867505002692e+03
7.1131176401556895e-01	1.0174658455535778e+03
7.1131176401556895e-01	1.0252051662808767e+03
7.1131176401556895e-01	1.0324872639458974e+03
7.1131176401556895e-01	1.0400991542469103e+03
7.1131176401556895e-01	1.0475411683430252e+03
7.1131176401556895e-01	1.0553322674116878e+03
7.1131176401556895e-01	1.0628360218088987e+03
7.1131176401556895e-01	1.0705096944713089e+03
7.1131176401556895e-01	1.0781198252497204e+03
7.1131176401556895e-01	1.0851127450774727e+03
7.1131176401556895e-01	1.0931274203506748e+03
7.1131176401556895e-01	1.1002958414586644e+03
7.1131176401556895e-01	1.1079388734931376e+03
7.1131176401556895e-01	1.1152542303790422e+03
7.1131176401556895e-01	1.1233769940686088e+03
7.1131176401556895e-01	1.1304107105795065e+03
7.1131176401556895e-01	1.1383940417323145e+03
7.1131176401556895e-01	1.1456699814074261e+03
7.1131176401556895e-01	1.1536287159523579e+03
7.1131176401556895e-01	1.1604957578915023e+03
7.1131176401556895e-01	1.1683165170855950e+03
7.1131176401556895e-01	1.1758709843719155e+03
7.1131176401556895e-01	1.1834205165075148e+03
7.1131176401556895e-01	1.1909422752764651e+03
7.1131176401556895e-01	1.1981683306805530e+03
7.1131176401556895e-01	1.2059798879400337e+03
7.1131176401556895e-01	1.2134248684180386e+03
7.1131176401556895e-01	1.2212603597979628e+03
7.1131176401556895e-01	1.2283533663335907e+03
7.1131176401556895e-01	1.2361924663818324e+03
7.1131176401556895e-01	1.2437009582161979e+03
7.1131176401556895e-01	1.2511911741712884e+03
7.1131176401556895e-01	1.2590147337673725e+03
7.1131176401556895e-01	1.2662205177645601e+03
7.1131176401556895e-01	1.2736002262329498e+03
7.1131176401556895e-01	1.2817483012540063e+03
7.1131176401556895e-01	1.2891257157776879e+03
7.1131176401556895e-01	1.2966705039937210e+03
7.1131176401556895e-01	1.3043433592692018e+03
7.1131176401556895e-01	1.3113962063578610e+03
7.1131176401556895e-01	1.3189143129660320e+03
7.1131176401556895e-01	1.3263751912580012e+03
7.1131176401556895e-01	1.3343560119083133e+03
7.1131176401556895e-01	1.3413987404040754e+03
7.1131176401556895e-01	1.3495245870835715e+03
7.1131176401556895e-01	1.3568575372356900e+03
7.1131176401556895e-01	1.3641131081169679e+03
7.1131176401556895e-01	1.3719151776880697e+03
7.1131176401556895e-01	1.3797488082388606e+03
7.1131176401556895e-01	1.3868762521360679e+03
7.1131176401556895e-01	1.3944452809549543e+03
7.1131176401556895e-01	1.4018319133177704e+03
7.1131176401556895e-01	1.4098391007267007e+03
7.1131176401556895e-01	1.4167675440724709e+03
7.1131176401556895e-01	1.4247251131400235e+03
7.1131176401556895e-01	1.4322056464067364e+03
7.1131176401556895e-01	1.4396139258799608e+03
7.1131176401556895e-01	1.4470280986948544e+03
7.1131176401556895e-01	1.4545900856544915e+03
7.1131176401556895e-01	1.4626056651487929e+03
7.1131176401556895e-01	1.4699551666324596e+03
7.1131176401556895e-01	1.4772100683177621e+03
7.1131176401556895e-01	1.4849654388188235e+03
7.1131176401556895e-01	1.4927039265561780e+03
7.1131176401556895e-01	1.5000000000000000e+03
