8.2150078517587814e-03	-3.1623908220349460e-02
1.6430015703517563e-02	-1.2586835129965382e-01
2.4645023555276344e-02	-2.7737367486595660e-01
3.2860031407035126e-02	-4.6857565594537798e-01
4.1075039258793911e-02	-6.6920515836632377e-01
4.9290047110552689e-02	-8.5035471697328824e-01
5.7505054962311467e-02	-9.9808640792038550e-01
6.5720062814070251e-02	-1.1123661658020072e+00
8.2150078517587821e-02	-1.2652367043686239e+00
9.8580094221105377e-02	-1.3556282500969086e+00
1.1501010992462293e-01	-1.4121805008359369e+00
1.3144012562814050e-01	-1.4496385631199828e+00
1.9716018844221075e-01	-1.5198469019299268e+00
2.6288025125628101e-01	-1.5468410875591012e+00
3.7724560175879351e-01	-1.5700374485135371e+00
4.9161095226130602e-01	-1.5861360803077271e+00
7.4884254773869297e-01	-1.6230188019572103e+00
1.0077792412060300e+00	-1.6699181960974074e+00
1.2654852537688399e+00	-1.7282416081703202e+00
1.5044117160804000e+00	-1.7923299525113932e+00
1.7518062286432099e+00	-1.8675718563562251e+00
2.0076619874371802e+00	-1.9527499385132736e+00
2.2626972135678400e+00	-2.0422540004564738e+00
2.5250322914572800e+00	-2.1357361841614804e+00
2.7560971708542699e+00	-2.2166065955059442e+00
3.0162214974874400e+00	-2.3034853862588949e+00
3.2774139195979899e+00	-2.3843796994021220e+00
3.5291212160804002e+00	-2.4552577199464887e+00
3.7576955552763800e+00	-2.5132913386879334e+00
4.0294925527638199e+00	-2.5745891619362284e+00
4.2597402613065301e+00	-2.6203416311335221e+00
4.5275730829145697e+00	-2.6670751116387117e+00
4.7646505125628096e+00	-2.7032286874331968e+00
5.0247620276381904e+00	-2.7379450625510002e+00
5.2724497010050202e+00	-2.7667988110573392e+00
5.5308858040200999e+00	-2.7931259994905946e+00
5.7682108216080401e+00	-2.8143653278669341e+00
6.0241979145728601e+00	-2.8345627163299385e+00
6.2900965603015004e+00	-2.8529866184365673e+00
6.5215621130653201e+00	-2.8672077507265041e+00
6.7715512512562803e+00	-2.8809382327618969e+00
7.0298144924623100e+00	-2.8935977730155424e+00
7.2824746884422096e+00	-2.9047001552665970e+00
7.5269364195979804e+00	-2.9144083804609320e+00
7.7983694924623101e+00	-2.9241686951807195e+00
8.0422641809045192e+00	-2.9321535338082856e+00
8.3026738190954692e+00	-2.9399748330921947e+00
8.5386436557788894e+00	-2.9465171453454149e+00
8.7966210150753703e+00	-2.9531542079155795e+00
9.0393576055276306e+00	-2.9589680143830397e+00
9.2930872839195899e+00	-2.9646520337781128e+00
9.5411544221105498e+00	-2.9698645840803914e+00
9.8008577261306495e+00	-2.9749962714400664e+00
1.0050982874371901e+01	-2.9796560515552479e+00
1.0306771964824099e+01	-2.9841620930489827e+00
1.0560442992462299e+01	-2.9883949880836060e+00
1.0793540321608001e+01	-2.9920944586379492e+00
1.1060696165829100e+01	-2.9961279633603861e+00
1.1299643537688400e+01	-2.9995621919216742e+00
1.1554411273869301e+01	-3.0030561582135706e+00
1.1798256505025099e+01	-3.0062488633358426e+00
1.2069015296482400e+01	-3.0096317219026498e+00
1.2303472515075400e+01	-3.0124316236257149e+00
1.2569583555276401e+01	-3.0154730089744182e+00
1.2812114879397001e+01	-3.0181258419990771e+00
1.3077406032663299e+01	-3.0209053627578659e+00
1.3306307432160800e+01	-3.0232067219516900e+00
1.3566999407035199e+01	-3.0257245847859915e+00
1.3818814984924600e+01	-3.0280582073682045e+00
1.4070466057788900e+01	-3.0302990508306458e+00
1.4321191351758801e+01	-3.0324459322969006e+00
1.4562059866834201e+01	-3.0344321746434861e+00
1.4822445110552801e+01	-3.0364998542250059e+00
1.5070611128140699e+01	-3.0383977216328644e+00
1.5331794175879400e+01	-3.0403225644420058e+00
1.5568227728643199e+01	-3.0420041518109380e+00
1.5829531065326600e+01	-3.0437988426209390e+00
1.6079814128140701e+01	-3.0454582314104104e+00
1.6329487994974901e+01	-3.0470584157037885e+00
1.6590273316582898e+01	-3.0486739224243764e+00
1.6830466118090399e+01	-3.0501137955270097e+00
1.7076456402009999e+01	-3.0515429237910752e+00
1.7348058904522599e+01	-3.0530699100698064e+00
1.7593972723618101e+01	-3.0544085279601356e+00
1.7845465665829099e+01	-3.0557363394381900e+00
1.8101227510050201e+01	-3.0570459079992629e+00
1.8336322414572901e+01	-3.0582149680886985e+00
1.8586925969849201e+01	-3.0594261336347262e+00
1.8835621914572901e+01	-3.0605938570833806e+00
1.9101649271356798e+01	-3.0618068436668948e+00
1.9336406889447201e+01	-3.0628475339079637e+00
1.9607268447236201e+01	-3.0640151136471987e+00
1.9851700120602999e+01	-3.0650394985441523e+00
2.0093552484924601e+01	-3.0660268464353679e+00
2.0353621472361802e+01	-3.0670605911192683e+00
2.0614742492462302e+01	-3.0680705046300947e+00
2.0852323957286401e+01	-3.0689659330508392e+00
2.1104624919597999e+01	-3.0698933082725786e+00
2.1350846000000001e+01	-3.0707758240837122e+00
2.1617752248743699e+01	-3.0717083070704470e+00
2.1848700361809001e+01	-3.0724956034769146e+00
2.2113952665829100e+01	-3.0733782701680261e+00
2.2363303776381901e+01	-3.0741877358091751e+00
2.2610246427135699e+01	-3.0749706978151039e+00
2.2857385522613001e+01	-3.0757363073836230e+00
2.3109451756281398e+01	-3.0764992900521646e+00
2.3376637741206000e+01	-3.0772889978326243e+00
2.3621621125628099e+01	-3.0779964511197759e+00
2.3863451183417101e+01	-3.0786797149934162e+00
2.4121963535175901e+01	-3.0793940818927519e+00
2.4379913128140700e+01	-3.0800909246521084e+00
2.4611438206030101e+01	-3.0807032340416440e+00
2.4885696356783900e+01	-3.0814129856610797e+00
2.5115182859296500e+01	-3.0819942953566635e+00
2.5383593100502502e+01	-3.0826601284848563e+00
2.5639764673366798e+01	-3.0832818881809150e+00
2.5868495374371800e+01	-3.0838260742813608e+00
2.6125726969849200e+01	-3.0844260729158459e+00
2.6384663663316601e+01	-3.0850176040883985e+00
2.6642369675879401e+01	-3.0855943056221711e+00
2.6881296138190901e+01	-3.0861185873912147e+00
2.7128690650753700e+01	-3.0866512152033696e+00
2.7384546409547699e+01	-3.0871914172939343e+00
2.7639581635678400e+01	-3.0877194278364555e+00
2.7901916713567800e+01	-3.0882519734811456e+00
2.8132981592964800e+01	-3.0887124024173445e+00
2.8393105919598000e+01	-3.0892213254452110e+00
2.8654298341708500e+01	-3.0897225850230887e+00
2.8906005638190901e+01	-3.0901966533948646e+00
2.9134579977386899e+01	-3.0906197136165940e+00
2.9406376974874401e+01	-3.0911138038593093e+00
2.9636624683417100e+01	-3.0915249362276498e+00
2.9904457505025100e+01	-3.0919948407419611e+00
3.0141534934673299e+01	-3.0924034930565529e+00
3.0401646449748700e+01	-3.0928441776838325e+00
3.0649334123115601e+01	-3.0932565419647147e+00
3.0907770226130602e+01	-3.0936794344668979e+00
3.1145095243718600e+01	-3.0940613208633341e+00
3.1401082336683402e+01	-3.0944664756924047e+00
3.1666980982411999e+01	-3.0948800737824098e+00
3.1898446535175900e+01	-3.0952342506613681e+00
3.2148435673366798e+01	-3.0956107919288964e+00
3.2406698914572800e+01	-3.0959934299082854e+00
3.2659359110552700e+01	-3.0963616579510189e+00
3.2903820841708502e+01	-3.0967123243918735e+00
3.3175253914572799e+01	-3.0970953680036168e+00
3.3419148603015103e+01	-3.0974340187646452e+00
3.3679558241206003e+01	-3.0977899601648224e+00
3.3915528077889398e+01	-3.0981075793956756e+00
3.4173505437185902e+01	-3.0984495951847211e+00
3.4416242027638198e+01	-3.0987665318303943e+00
3.4669971706030097e+01	-3.0990928851998776e+00
3.4918038844221101e+01	-3.0994071850251821e+00
3.5177742148241201e+01	-3.0997312880648460e+00
3.5427867296482397e+01	-3.1000387671546110e+00
3.5683656386934601e+01	-3.1003485748313548e+00
3.5937327414572799e+01	-3.1006512907983370e+00
3.6170424743718598e+01	-3.1009255660614969e+00
3.6437580587939699e+01	-3.1012354338310195e+00
3.6676527959799003e+01	-3.1015086118969912e+00
3.6931295695979898e+01	-3.1017958343391698e+00
3.7175140927135701e+01	-3.1020669158547105e+00
3.7445899718592898e+01	-3.1023636248054287e+00
3.7680356937185898e+01	-3.1026169792145684e+00
3.7946467977386902e+01	-3.1029006045054892e+00
3.8188999301507501e+01	-3.1031555281850598e+00
3.8454290454773798e+01	-3.1034305572238012e+00
3.8683191854271300e+01	-3.1036647186426398e+00
3.8943883829145697e+01	-3.1039279271242148e+00
3.9195699407035100e+01	-3.1041787295175269e+00
3.9447350479899498e+01	-3.1044260548314435e+00
3.9698075773869299e+01	-3.1046692411520120e+00
3.9938944288944697e+01	-3.1048998899337383e+00
4.0199329532663299e+01	-3.1051460092772278e+00
4.0447495550251197e+01	-3.1053775267631165e+00
4.0708678597989902e+01	-3.1056180337024202e+00
4.0945112150753701e+01	-3.1058330132960084e+00
4.1206415487437198e+01	-3.1060676378593075e+00
4.1456698550251197e+01	-3.1062894997420374e+00
4.1706372417085397e+01	-3.1065080787800556e+00
4.1967157738693402e+01	-3.1067335151409075e+00
4.2207350540200999e+01	-3.1069386033839330e+00
4.2453340824120602e+01	-3.1071461564800589e+00
4.2724943326633102e+01	-3.1073724518966133e+00
4.2970857145728601e+01	-3.1075747952540964e+00
4.3222350087939702e+01	-3.1077792700990674e+00
4.3478111932160800e+01	-3.1079847109504870e+00
4.3713206836683398e+01	-3.1081713621446707e+00
4.3963810391959797e+01	-3.1083680576427613e+00
4.4212506336683397e+01	-3.1085609811308537e+00
4.4478533693467298e+01	-3.1087648853673073e+00
4.4713291311557803e+01	-3.1089427431562799e+00
4.4984152869346701e+01	-3.1091455752180255e+00
4.5228584542713499e+01	-3.1093264650641719e+00
4.5470436907035101e+01	-3.1095034725985036e+00
4.5730505894472302e+01	-3.1096916589987345e+00
4.5991626914572798e+01	-3.1098783997485837e+00
4.6229208379397001e+01	-3.1100464173485967e+00
4.6481509341708502e+01	-3.1102229069873077e+00
4.6727730422110497e+01	-3.1103932505974776e+00
4.6994636670854199e+01	-3.1105758281100155e+00
4.7225584783919601e+01	-3.1107320932150206e+00
4.7490837087939703e+01	-3.1109096384146175e+00
4.7740188198492397e+01	-3.1110746879741291e+00
4.7987130849246199e+01	-3.1112364031229305e+00
4.8234269944723600e+01	-3.1113965405804205e+00
4.8486336178391902e+01	-3.1115581400864554e+00
4.8753522163316497e+01	-3.1117275556756403e+00
4.8998505547738702e+01	-3.1118812227028507e+00
4.9240335605527598e+01	-3.1120313691304338e+00
4.9498847957286401e+01	-3.1121902045239449e+00
4.9756797550251200e+01	-3.1123470023981672e+00
5.0000000000000000e+01	-3.1124933124625556e+00
