8.2150078517587814e-03	1.3506288825450790e-07
1.6430015703517563e-02	-2.9300699617656599e-08
2.4645023555276344e-02	-1.6644640472332871e-08
3.2860031407035126e-02	-5.3698849422875413e-08
4.9290047110552689e-02	-1.1249856392214955e-07
6.5720062814070251e-02	-2.0272995824795685e-07
9.8580094221105377e-02	-4.5550595921746071e-07
1.3144012562814050e-01	-8.0980947850350172e-07
1.9716018844221075e-01	-1.8221277375599282e-06
2.6288025125628101e-01	-3.2393461784329046e-06
3.7724560175879351e-01	-6.6709970919109796e-06
4.9161095226130602e-01	-1.1328894181915377e-05
7.4884254773869297e-01	-2.6286889675895524e-05
1.0077792412060300e+00	-4.7613215891069358e-05
1.2654852537688399e+00	-7.5091920172152426e-05
1.5044117160804000e+00	-1.0615725781041353e-04
1.7518062286432099e+00	-1.4401860755370227e-04
2.0076619874371802e+00	-1.8931842750015377e-04
2.2626972135678400e+00	-2.4076641598503568e-04
2.5250322914572800e+00	-3.0036077780941898e-04
2.7560971708542699e+00	-3.5858992824868363e-04
3.0162214974874400e+00	-4.3077256142204644e-04
3.2774139195979899e+00	-5.1059201899028236e-04
3.5291212160804002e+00	-5.9480842131143805e-04
3.7576955552763800e+00	-6.7782440076467106e-04
4.0294925527638199e+00	-7.8514615378017102e-04
4.2597402613065301e+00	-8.8386721964982251e-04
4.5275730829145697e+00	-1.0083952916556673e-03
4.7646505125628096e+00	-1.1279822774122948e-03
5.0247620276381904e+00	-1.2701223349066706e-03
5.2724497010050202e+00	-1.4169558909756460e-03
5.5308858040200999e+00	-1.5830718663062127e-03
5.7682108216080401e+00	-1.7481190819925916e-03
6.0241979145728601e+00	-1.9405561940060039e-03
6.2900965603015004e+00	-2.1574015591929768e-03
6.5215621130653201e+00	-2.3611577996610336e-03
6.7715512512562803e+00	-2.5978415939304357e-03
7.0298144924623100e+00	-2.8614888786554463e-03
7.2824746884422096e+00	-3.1392169238716886e-03
7.5269364195979804e+00	-3.4274703533381180e-03
7.7983694924623101e+00	-3.7710623776170743e-03
8.0422641809045192e+00	-4.1018120338208444e-03
8.3026738190954692e+00	-4.4789101574329885e-03
8.5386436557788894e+00	-4.8427962811688190e-03
8.7966210150753703e+00	-5.2656810043124891e-03
9.0393576055276306e+00	-5.6883970153101902e-03
9.2930872839195899e+00	-6.1570055017347363e-03
9.5411544221105498e+00	-6.6426737499410858e-03
9.8008577261306495e+00	-7.1815586027823772e-03
1.0050982874371901e+01	-7.7313586007605045e-03
1.0306771964824099e+01	-8.3263913366137619e-03
1.0560442992462299e+01	-8.9509226371233090e-03
1.0793540321608001e+01	-9.5566260963195569e-03
1.1060696165829100e+01	-1.0290432130111120e-02
1.1299643537688400e+01	-1.0984666173604862e-02
1.1554411273869301e+01	-1.1766747732300019e-02
1.1798256505025099e+01	-1.2558326374387052e-02
1.2069015296482400e+01	-1.3489941739424164e-02
1.2303472515075400e+01	-1.4344505502907072e-02
1.2569583555276401e+01	-1.5372209707456815e-02
1.2812114879397001e+01	-1.6366263440223554e-02
1.3077406032663299e+01	-1.7521254406590421e-02
1.3306307432160800e+01	-1.8579031490370192e-02
1.3566999407035199e+01	-1.9858474400141303e-02
1.3818814984924600e+01	-2.1176278326340111e-02
1.4070466057788900e+01	-2.2580842301568566e-02
1.4321191351758801e+01	-2.4075319775006841e-02
1.4562059866834201e+01	-2.5608777980564969e-02
1.4822445110552801e+01	-2.7384801831777036e-02
1.5070611128140699e+01	-2.9203526851656392e-02
1.5331794175879400e+01	-3.1264983873496639e-02
1.5568227728643199e+01	-3.3275691626220932e-02
1.5829531065326600e+01	-3.5676375949246657e-02
1.6079814128140701e+01	-3.8172602054183880e-02
1.6329487994974901e+01	-4.0879094702594855e-02
1.6590273316582898e+01	-4.3967643350007878e-02
1.6830466118090399e+01	-4.7081498761401191e-02
1.7076456402009999e+01	-5.0576738951411987e-02
1.7348058904522599e+01	-5.4851705136044919e-02
1.7593972723618101e+01	-5.9160844778492795e-02
1.7845465665829099e+01	-6.4074613168601927e-02
1.8101227510050201e+01	-6.9693791523623913e-02
1.8336322414572901e+01	-7.5518241066038189e-02
1.8586925969849201e+01	-8.2564807470721549e-02
1.8835621914572901e+01	-9.0598767014923254e-02
1.9101649271356798e+01	-1.0062346034562859e-01
1.9336406889447201e+01	-1.1101870150443457e-01
1.9607268447236201e+01	-1.2535113748439597e-01
1.9851700120602999e+01	-1.4111705735878829e-01
2.0093552484924601e+01	-1.6029970205614755e-01
2.0353621472361802e+01	-1.8648090920365185e-01
2.0614742492462302e+01	-2.2126222997514114e-01
2.0852323957286401e+01	-2.6427303975216837e-01
2.1104624919597999e+01	-3.2931449560983928e-01
2.1350846000000001e+01	-4.2652143053758490e-01
2.1617752248743699e+01	-6.0663454359258107e-01
2.1733226305276350e+01	-7.2852858237710316e-01
2.1848700361809001e+01	-8.9289872993610153e-01
2.1915013437814025e+01	-1.0114010507292102e+00
2.1981326513819049e+01	-1.1491510117366934e+00
2.2047639589824072e+01	-1.3047668282459313e+00
2.2113952665829100e+01	-1.4731991890998599e+00
2.2176290443467302e+01	-1.6355816611390626e+00
2.2238628221105500e+01	-1.7934325681941312e+00
2.2300965998743699e+01	-1.9397394468198577e+00
2.2363303776381901e+01	-2.0703081531670615e+00
2.2486775101758802e+01	-2.2793688243063381e+00
2.2610246427135699e+01	-2.4317351956794742e+00
2.2733815974874350e+01	-2.5430164520646321e+00
2.2857385522613001e+01	-2.6259067415150557e+00
2.3109451756281398e+01	-2.7405991245109624e+00
2.3376637741206000e+01	-2.8168433295354580e+00
2.3621621125628099e+01	-2.8644265953549630e+00
2.3863451183417101e+01	-2.8988660787292457e+00
2.4121963535175901e+01	-2.9267816676672931e+00
2.4379913128140700e+01	-2.9484315529080090e+00
2.4611438206030101e+01	-2.9641246747885570e+00
2.4885696356783900e+01	-2.9793736615612199e+00
2.5115182859296500e+01	-2.9900206742755402e+00
2.5383593100502502e+01	-3.0006009784759855e+00
2.5639764673366798e+01	-3.0092147045806321e+00
2.5868495374371800e+01	-3.0159246687685233e+00
2.6125726969849200e+01	-3.0225682895072299e+00
2.6384663663316601e+01	-3.0284585405428310e+00
2.6642369675879401e+01	-3.0336616749232035e+00
2.6881296138190901e+01	-3.0379910447804073e+00
2.7128690650753700e+01	-3.0420465926075924e+00
2.7384546409547699e+01	-3.0458478635477118e+00
2.7639581635678400e+01	-3.0492937770514765e+00
2.7901916713567800e+01	-3.0525285689192154e+00
2.8132981592964800e+01	-3.0551499190661806e+00
2.8393105919598000e+01	-3.0578762094923437e+00
2.8654298341708500e+01	-3.0604017477351055e+00
2.8906005638190901e+01	-3.0626574894110683e+00
2.9134579977386899e+01	-3.0645704808434400e+00
2.9406376974874401e+01	-3.0666947315206321e+00
2.9636624683417100e+01	-3.0683787690524920e+00
2.9904457505025100e+01	-3.0702176024680168e+00
3.0141534934673299e+01	-3.0717473799989623e+00
3.0401646449748700e+01	-3.0733297772342847e+00
3.0649334123115601e+01	-3.0747513612372401e+00
3.0907770226130602e+01	-3.0761537140996205e+00
3.1145095243718600e+01	-3.0773747077366256e+00
3.1401082336683402e+01	-3.0786258082537468e+00
3.1666980982411999e+01	-3.0798586718028451e+00
3.1898446535175900e+01	-3.0808808159530314e+00
3.2148435673366798e+01	-3.0819353351939136e+00
3.2406698914572800e+01	-3.0829747154804341e+00
3.2659359110552700e+01	-3.0839458706910867e+00
3.2903820841708502e+01	-3.0848455104727219e+00
3.3175253914572799e+01	-3.0858014996907510e+00
3.3419148603015103e+01	-3.0866245599028783e+00
3.3679558241206003e+01	-3.0874683031637482e+00
3.3915528077889398e+01	-3.0882035457178558e+00
3.4173505437185902e+01	-3.0889774474391354e+00
3.4416242027638198e+01	-3.0896787907208285e+00
3.4669971706030097e+01	-3.0903857359104081e+00
3.4918038844221101e+01	-3.0910525395447839e+00
3.5177742148241201e+01	-3.0917262968857111e+00
3.5427867296482397e+01	-3.0923530049642127e+00
3.5683656386934601e+01	-3.0929726291730155e+00
3.5937327414572799e+01	-3.0935670255186039e+00
3.6170424743718598e+01	-3.0940964864961358e+00
3.6437580587939699e+01	-3.0946846248724027e+00
3.6676527959799003e+01	-3.0951945988208056e+00
3.6931295695979898e+01	-3.0957224700958026e+00
3.7175140927135701e+01	-3.0962131078657333e+00
3.7445899718592898e+01	-3.0967419849792424e+00
3.7680356937185898e+01	-3.0971870611113208e+00
3.7946467977386902e+01	-3.0976784165939932e+00
3.8188999301507501e+01	-3.0981140201081616e+00
3.8454290454773798e+01	-3.0985777777591457e+00
3.8683191854271300e+01	-3.0989676991974386e+00
3.8943883829145697e+01	-3.0994007412153897e+00
3.9195699407035100e+01	-3.0998083509117551e+00
3.9447350479899498e+01	-3.1002056491447618e+00
3.9698075773869299e+01	-3.1005919124349903e+00
3.9938944288944697e+01	-3.1009543523459273e+00
4.0199329532663299e+01	-3.1013370185649518e+00
4.0447495550251197e+01	-3.1016932352584314e+00
4.0708678597989902e+01	-3.1020595402583160e+00
4.0945112150753701e+01	-3.1023838200616969e+00
4.1206415487437198e+01	-3.1027344311404139e+00
4.1456698550251197e+01	-3.1030628797391206e+00
4.1706372417085397e+01	-3.1033836042712308e+00
4.1967157738693402e+01	-3.1037114863918087e+00
4.2207350540200999e+01	-3.1040072733978370e+00
4.2453340824120602e+01	-3.1043042476239147e+00
4.2724943326633102e+01	-3.1046253890843523e+00
4.2970857145728601e+01	-3.1049102537344488e+00
4.3222350087939702e+01	-3.1051959782030369e+00
4.3478111932160800e+01	-3.1054809342050107e+00
4.3713206836683398e+01	-3.1057380278422140e+00
4.3963810391959797e+01	-3.1060071421496138e+00
4.4212506336683397e+01	-3.1062693255780647e+00
4.4478533693467298e+01	-3.1065445682670227e+00
4.4713291311557803e+01	-3.1067831212958690e+00
4.4984152869346701e+01	-3.1070534683962343e+00
4.5228584542713499e+01	-3.1072930706992095e+00
4.5470436907035101e+01	-3.1075261910729446e+00
4.5730505894472302e+01	-3.1077726104287438e+00
4.5991626914572798e+01	-3.1080157161411672e+00
4.6229208379397001e+01	-3.1082332623772340e+00
4.6481509341708502e+01	-3.1084605931758422e+00
4.6727730422110497e+01	-3.1086788782268511e+00
4.6994636670854199e+01	-3.1089116330313269e+00
4.7225584783919601e+01	-3.1091098708924951e+00
4.7490837087939703e+01	-3.1093340364527271e+00
4.7740188198492397e+01	-3.1095414251116726e+00
4.7987130849246199e+01	-3.1097437070623513e+00
4.8234269944723600e+01	-3.1099431375778597e+00
4.8486336178391902e+01	-3.1101435193378757e+00
4.8753522163316497e+01	-3.1103526724388346e+00
4.8998505547738702e+01	-3.1105415830311411e+00
4.9240335605527598e+01	-3.1107254436732150e+00
4.9498847957286401e+01	-3.1109191812811656e+00
4.9756797550251200e+01	-3.1111096777990612e+00
5.0000000000000000e+01	-3.1112867670990454e+00
