1.2302551372596700e+01	1.0000000000000001e-05
1.2302551372596700e+01	1.4413342669009352e-03
1.2302551372596700e+01	2.6867305592287024e-03
1.2302551372596700e+01	4.0873089418834016e-03
1.2302551372596700e+01	5.4971712672069618e-03
1.2302551372596700e+01	6.9003327630013118e-03
1.2302551372596700e+01	8.2012430867766349e-03
1.2302551372596700e+01	9.5482603753792479e-03
1.2302551372596700e+01	1.0941347582180216e-02
1.2302551372596700e+01	1.2329967140641286e-02
1.2302551372596700e+01	1.3758333039558616e-02
1.2302551372596700e+01	1.5016438500800767e-02
1.2302551372596700e+01	1.6432767268691372e-02
1.2302551372596700e+01	1.7854911618581003e-02
1.2302551372596700e+01	1.9225411216639576e-02
1.2302551372596700e+01	2.0469956147884678e-02
1.2302551372596700e+01	2.1949840446098046e-02
1.2302551372596700e+01	2.3203496563427742e-02
1.2302551372596700e+01	2.4661796658380933e-02
1.2302551372596700e+01	2.5952639341856244e-02
1.2302551372596700e+01	2.7368898353188162e-02
1.2302551372596700e+01	2.8717511848057702e-02
1.2302551372596700e+01	3.0124648551108073e-02
1.2302551372596700e+01	3.1416839305046913e-02
1.2302551372596700e+01	3.2810641602077216e-02
1.2302551372596700e+01	3.4258410467692464e-02
1.2302551372596700e+01	3.5518697521188289e-02
1.2302551372596700e+01	3.6879842065655845e-02
1.2302551372596700e+01	3.8286037568180338e-02
1.2302551372596700e+01	3.9661725527468591e-02
1.2302551372596700e+01	4.0992774364636914e-02
1.2302551372596700e+01	4.2470677160698085e-02
1.2302551372596700e+01	4.3798638555341350e-02
1.2302551372596700e+01	4.5216520791807310e-02
1.2302551372596700e+01	4.6501332836781803e-02
1.2302551372596700e+01	4.7905971765271296e-02
1.2302551372596700e+01	4.9227627530908487e-02
1.2302551372596700e+01	5.0609138623798122e-02
1.2302551372596700e+01	5.1959818234335348e-02
1.2302551372596700e+01	5.3373854612096455e-02
1.2302551372596700e+01	5.4735739706090414e-02
1.2302551372596700e+01	5.6128463916121744e-02
1.2302551372596700e+01	5.7509655666522747e-02
1.2302551372596700e+01	5.8778827440115214e-02
1.2302551372596700e+01	6.0233441518613352e-02
1.2302551372596700e+01	6.1534465691002412e-02
1.2302551372596700e+01	6.2921628816242275e-02
1.2302551372596700e+01	6.4249320925123379e-02
1.2302551372596700e+01	6.5723552383840603e-02
1.2302551372596700e+01	6.7000128503540174e-02
1.2302551372596700e+01	6.8449053817709243e-02
1.2302551372596700e+01	6.9769591946198209e-02
1.2302551372596700e+01	7.1214053127900218e-02
1.2302551372596700e+01	7.2460378841895823e-02
1.2302551372596700e+01	7.3879798349297310e-02
1.2302551372596700e+01	7.5250887519556969e-02
1.2302551372596700e+01	7.6621080990431023e-02
1.2302551372596700e+01	7.7986233766734456e-02
1.2302551372596700e+01	7.9297718208024115e-02
1.2302551372596700e+01	8.0715467621107387e-02
1.2302551372596700e+01	8.2066685611642806e-02
1.2302551372596700e+01	8.3488778919814363e-02
1.2302551372596700e+01	8.4776115812938604e-02
1.2302551372596700e+01	8.6198864072129455e-02
1.2302551372596700e+01	8.7561608981717415e-02
1.2302551372596700e+01	8.8921036932054429e-02
1.2302551372596700e+01	9.0340964695127327e-02
1.2302551372596700e+01	9.1648770001222776e-02
1.2302551372596700e+01	9.2988141525010448e-02
1.2302551372596700e+01	9.4466966834117760e-02
1.2302551372596700e+01	9.5805922021103954e-02
1.2302551372596700e+01	9.7175254499866276e-02
1.2302551372596700e+01	9.8567830359216596e-02
1.2302551372596700e+01	9.9847878560665432e-02
1.2302551372596700e+01	1.0121236849233624e-01
1.2302551372596700e+01	1.0256647183795113e-01
1.2302551372596700e+01	1.0401494151141737e-01
1.2302551372596700e+01	1.0529315325072874e-01
1.2302551372596700e+01	1.0676794425308336e-01
1.2302551372596700e+01	1.0809882943115939e-01
1.2302551372596700e+01	1.0941567074932690e-01
1.2302551372596700e+01	1.1083169820554753e-01
1.2302551372596700e+01	1.1225345378472038e-01
1.2302551372596700e+01	1.1354704084635080e-01
1.2302551372596700e+01	1.1492077284486657e-01
1.2302551372596700e+01	1.1626140101274361e-01
1.2302551372596700e+01	1.1771465609010744e-01
1.2302551372596700e+01	1.1897212578030583e-01
1.2302551372596700e+01	1.2041637543505933e-01
1.2302551372596700e+01	1.2177404603723790e-01
1.2302551372596700e+01	1.2311860302200218e-01
1.2302551372596700e+01	1.2446422961189320e-01
1.2302551372596700e+01	1.2583668355643249e-01
1.2302551372596700e+01	1.2729146174547740e-01
1.2302551372596700e+01	1.2862535088803945e-01
1.2302551372596700e+01	1.2994207075126910e-01
1.2302551372596700e+01	1.3134962261460317e-01
1.2302551372596700e+01	1.3275411036056078e-01
1.2302551372596700e+01	1.3401472151733804e-01
1.2302551372596700e+01	1.3550800633913337e-01
1.2302551372596700e+01	1.3675751783064991e-01
1.2302551372596700e+01	1.3821896186834140e-01
1.2302551372596700e+01	1.3961376862424774e-01
1.2302551372596700e+01	1.4085916491657549e-01
1.2302551372596700e+01	1.4225974329923022e-01
1.2302551372596700e+01	1.4366960562455375e-01
1.2302551372596700e+01	1.4507276712034811e-01
1.2302551372596700e+01	1.4637367744412344e-01
1.2302551372596700e+01	1.4772069473272606e-01
1.2302551372596700e+01	1.4911378193952701e-01
1.2302551372596700e+01	1.5050240149798808e-01
1.2302551372596700e+01	1.5193076739690542e-01
1.2302551372596700e+01	1.5318887285814756e-01
1.2302551372596700e+01	1.5460520162603816e-01
1.2302551372596700e+01	1.5602734597592782e-01
1.2302551372596700e+01	1.5739784557398639e-01
1.2302551372596700e+01	1.5864239050523146e-01
1.2302551372596700e+01	1.6012227480344485e-01
1.2302551372596700e+01	1.6137593092077454e-01
1.2302551372596700e+01	1.6283423101572775e-01
1.2302551372596700e+01	1.6412507369920304e-01
1.2302551372596700e+01	1.6554133271053495e-01
1.2302551372596700e+01	1.6688994620540451e-01
1.2302551372596700e+01	1.6829708290845488e-01
1.2302551372596700e+01	1.6958927366239371e-01
1.2302551372596700e+01	1.7098307595942402e-01
1.2302551372596700e+01	1.7243084482503926e-01
1.2302551372596700e+01	1.7369113187853510e-01
1.2302551372596700e+01	1.7505227642300264e-01
1.2302551372596700e+01	1.7645847192552713e-01
1.2302551372596700e+01	1.7783415988481541e-01
1.2302551372596700e+01	1.7916520872198372e-01
1.2302551372596700e+01	1.8064311151804488e-01
1.2302551372596700e+01	1.8197107291268816e-01
1.2302551372596700e+01	1.8338895514915410e-01
1.2302551372596700e+01	1.8467376719412859e-01
1.2302551372596700e+01	1.8607840612261808e-01
1.2302551372596700e+01	1.8740006188825531e-01
1.2302551372596700e+01	1.8878157298114492e-01
1.2302551372596700e+01	1.9013225259168215e-01
1.2302551372596700e+01	1.9154628896944328e-01
1.2302551372596700e+01	1.9290817406343719e-01
1.2302551372596700e+01	1.9430089827346853e-01
1.2302551372596700e+01	1.9568209002386955e-01
1.2302551372596700e+01	1.9695126179746200e-01
1.2302551372596700e+01	1.9840587587596015e-01
1.2302551372596700e+01	1.9970690004834923e-01
1.2302551372596700e+01	2.0109406317358908e-01
1.2302551372596700e+01	2.0242175528247019e-01
1.2302551372596700e+01	2.0389598674118739e-01
1.2302551372596700e+01	2.0517256286088698e-01
1.2302551372596700e+01	2.0662148817505605e-01
1.2302551372596700e+01	2.0794202630354500e-01
1.2302551372596700e+01	2.0938648748524699e-01
1.2302551372596700e+01	2.1063281319924265e-01
1.2302551372596700e+01	2.1205223270664411e-01
1.2302551372596700e+01	2.1342332187690377e-01
1.2302551372596700e+01	2.1479351534777782e-01
1.2302551372596700e+01	2.1615866812408124e-01
1.2302551372596700e+01	2.1747015256537094e-01
1.2302551372596700e+01	2.1888790197845420e-01
1.2302551372596700e+01	2.2023911996898962e-01
1.2302551372596700e+01	2.2166121327716118e-01
1.2302551372596700e+01	2.2294855017028542e-01
1.2302551372596700e+01	2.2437129842947626e-01
1.2302551372596700e+01	2.2573404333906422e-01
1.2302551372596700e+01	2.2709347128940127e-01
1.2302551372596700e+01	2.2851339905247411e-01
1.2302551372596700e+01	2.2982120435856959e-01
1.2302551372596700e+01	2.3116057588235725e-01
1.2302551372596700e+01	2.3263940119146456e-01
1.2302551372596700e+01	2.3397835637845080e-01
1.2302551372596700e+01	2.3534768885721308e-01
1.2302551372596700e+01	2.3674026471656340e-01
1.2302551372596700e+01	2.3802031291801223e-01
1.2302551372596700e+01	2.3938480284968305e-01
1.2302551372596700e+01	2.4073890619529795e-01
1.2302551372596700e+01	2.4218737586876415e-01
1.2302551372596700e+01	2.4346558760807555e-01
1.2302551372596700e+01	2.4494037861043019e-01
1.2302551372596700e+01	2.4627126378850620e-01
1.2302551372596700e+01	2.4758810510667370e-01
1.2302551372596700e+01	2.4900413256289436e-01
1.2302551372596700e+01	2.5042588814206718e-01
1.2302551372596700e+01	2.5171947520369764e-01
1.2302551372596700e+01	2.5309320720221340e-01
1.2302551372596700e+01	2.5443383537009040e-01
1.2302551372596700e+01	2.5588709044745422e-01
1.2302551372596700e+01	2.5714456013765263e-01
1.2302551372596700e+01	2.5858880979240612e-01
1.2302551372596700e+01	2.5994648039458473e-01
1.2302551372596700e+01	2.6129103737934900e-01
1.2302551372596700e+01	2.6263666396924001e-01
1.2302551372596700e+01	2.6400911791377923e-01
1.2302551372596700e+01	2.6546389610282423e-01
1.2302551372596700e+01	2.6679778524538622e-01
1.2302551372596700e+01	2.6811450510861590e-01
1.2302551372596700e+01	2.6952205697194997e-01
1.2302551372596700e+01	2.7092654471790756e-01
1.2302551372596700e+01	2.7225073700110902e-01
